002/json-merging/data/a.json
{"header": {"discipline":0,"disciplineName":"Meteorological products","gribEdition":2,"gribLength":253400,"center":7,"centerName":"US National Weather Service - NCEP(WMC)","subcenter":0,"refTime":"2017-07-31T18:00:00.000Z","significanceOfRT":1,"significanceOfRTName":"Start of forecast","productStatus":0,"productStatusName":"Operational products","productType":1,"productTypeName":"Forecast products","productDefinitionTemplate":0,"productDefinitionTemplateName":"Analysis/forecast at horizontal level/layer at a point in time","parameterCategory":2,"parameterCategoryName":"Momentum","parameterNumber":2,"parameterNumberName":"U-component_of_wind","parameterUnit":"m.s-1","genProcessType":2,"genProcessTypeName":"Forecast","forecastTime":0,"surface1Type":103,"surface1TypeName":"Specified height level above ground","surface1Value":10.0,"surface2Type":255,"surface2TypeName":"Missing","surface2Value":0.0,"gridDefinitionTemplate":0,"gridDefinitionTemplateName":"Latitude_Longitude","numberPoints":259920,"shape":6,"shapeName":"Earth spherical with radius of 6,371,229.0 m","gridUnits":"degrees","resolution":48,"winds":"true","scanMode":0,"nx":720,"ny":361,"basicAngle":0,"lo1":0.0,"la1":90.0,"lo2":359.5,"la2":-90.0,"dx":0.5,"dy":0.5}, "data":
[rows 250 to 274 of 361, columns 174 to 231 of 720]
5.604741,5.7647414,6.1147413,6.224741,6.0747414,5.684741,5.464741,5.274741,5.2447414,5.3447413,5.814741,5.8247414,5.8047414,5.754741,5.6147413,5.474741,5.484741,5.464741,5.454741,5.564741,5.0547414,4.624741,4.9047413,4.7447414,4.3047414,4.1547413,3.8247411,3.5047412,3.3747413,3.2847412,3.1847413,3.0647411,2.844741,2.4547412,2.2247412,2.1447413,2.0247412,2.0147412,2.2147412,2.334741,2.2847412,2.2747412,2.2647412,2.0347412,1.8947412,1.9147412,1.8147413,1.6147412,1.5847412,1.7447412,1.9047412,2.0547411,2.354741,2.3647413,2.5147412,2.834741,2.8947413,3.4747412
5.974741,6.1547413,6.734741,7.394741,7.6547413,6.984741,6.2847414,5.754741,5.604741,5.5747414,6.1947412,6.6347413,6.714741,6.644741,6.5547414,6.3247414,6.2447414,6.314741,6.1747413,6.1347413,6.044741,5.854741,5.6347413,5.004741,4.8247414,4.564741,4.0947413,3.9547412,4.024741,4.084741,4.0147414,3.834741,3.6947412,3.5147412,3.334741,3.1947412,2.9947412,2.854741,2.9347413,3.0347412,2.9547412,2.834741,2.7147412,2.5147412,2.334741,2.2247412,2.084741,1.8947412,1.8647412,2.0347412,2.1347413,2.1147413,2.334741,2.5247412,2.4247413,2.4647412,2.8747413,3.2047412
6.8247414,6.6147413,6.9247413,7.714741,8.2047415,8.254742,7.5347414,6.5947413,6.274741,6.3047414,7.004741,7.464741,7.504741,7.3647413,7.164741,6.814741,6.684741,6.8647413,6.684741,6.5747414,6.464741,6.254741,5.834741,5.484741,5.2647414,4.854741,4.524741,4.584741,4.664741,4.604741,4.5147414,4.3847413,4.454741,4.504741,4.4047413,4.2647414,4.084741,3.7647412,3.6947412,3.7447412,3.6447413,3.4847412,3.3047411,3.1147413,2.8647413,2.6347413,2.4947412,2.3747413,2.3247411,2.4147413,2.344741,2.2047412,2.4547412,2.6547413,2.344741,2.1847413,2.6347413,2.9347413
7.4247413,7.3847413,7.274741,7.5347414,8.014741,7.984741,7.8247414,7.544741,7.204741,7.224741,7.774741,8.124742,8.114741,8.104741,7.564741,6.9247413,6.894741,7.0147414,6.8247414,6.704741,6.834741,6.664741,6.3247414,6.124741,5.684741,5.4247413,5.4047413,5.214741,4.794741,4.814741,4.984741,5.1147413,5.234741,5.394741,5.4247413,5.354741,5.1347413,4.6747413,4.484741,4.464741,4.374741,4.234741,4.024741,3.8247411,3.5347412,3.1847413,3.0047412,2.9247413,2.854741,2.834741,2.6147413,2.4047413,2.7047412,2.7347412,2.1647413,2.0747411,2.4647412,2.584741
7.4947414,7.5947413,7.7447414,7.684741,7.704741,7.644741,7.5947413,7.644741,7.684741,7.8247414,8.184741,8.634741,8.884741,8.514741,8.384741,7.7647414,7.454741,7.224741,7.024741,7.1547413,7.044741,6.8647413,6.664741,6.454741,6.3647413,6.334741,6.1747413,5.544741,5.024741,4.954741,4.9947414,5.4047413,5.9947414,6.2647414,6.354741,6.3247414,6.1347413,5.5547414,5.2647414,5.1547413,5.1347413,5.044741,4.8047414,4.584741,4.2447414,3.7947412,3.5647411,3.4647412,3.4447412,3.344741,2.8847413,2.6747413,2.9447412,2.6947412,2.0647411,2.1347413,2.3047411,2.104741
7.7647414,7.564741,7.644741,7.8847413,7.934741,7.8047414,7.7447414,7.794741,7.964741,8.194741,8.4147415,8.624742,8.784741,8.764741,8.844741,8.784741,8.654741,8.374742,8.254742,7.954741,7.544741,7.124741,6.9447412,6.934741,6.984741,6.874741,6.464741,5.984741,5.714741,5.7447414,5.814741,5.854741,6.504741,7.0347414,7.144741,7.0947413,6.664741,5.8447413,5.3847413,5.6947412,5.8247414,5.724741,5.5147414,5.2847414,4.8847413,4.4047413,4.1147413,4.004741,4.0147414,3.7647412,3.1647413,2.9847412,3.1347413,2.6947412,2.2447412,2.2847412,2.1547413,1.6847413
8.254742,8.104741,7.974741,7.914741,8.084742,8.194741,8.124742,8.094741,8.274741,8.534741,8.734741,8.804741,8.804741,8.684741,8.604741,8.714741,8.9547415,9.154741,9.064741,8.884741,8.424741,7.5947413,7.414741,7.374741,7.2847414,7.084741,6.874741,6.754741,6.8247414,6.9047413,6.704741,6.734741,7.2847414,7.664741,7.814741,7.684741,6.7647414,5.6947412,5.334741,5.5947413,6.1347413,6.274741,6.104741,5.894741,5.5147414,5.0347414,4.6747413,4.544741,4.474741,4.104741,3.5447412,3.334741,3.354741,3.0047412,2.6947412,2.5047412,2.1247413,1.6347412
8.9147415,8.7047415,8.734741,8.634741,8.494741,8.444741,8.444741,8.534741,8.6647415,8.834742,9.004742,9.054741,9.054741,9.014741,8.874742,8.894741,8.934741,9.084742,9.254742,9.234741,8.894741,8.344741,8.004742,7.734741,7.5347414,7.434741,7.454741,7.584741,7.8447413,7.814741,7.7647414,7.9047413,8.114741,8.214741,8.254742,8.024741,7.064741,6.214741,5.974741,6.0547414,6.3047414,6.6747413,6.664741,6.4247413,6.144741,5.714741,5.3447413,5.1347413,4.934741,4.5347414,4.064741,3.7647412,3.7647412,3.6747413,3.354741,2.8647413,2.2947412,1.9947412
9.784741,9.574741,9.374742,9.344741,9.334742,9.134741,8.944741,8.934741,8.964741,9.184741,9.394741,9.444741,9.484741,9.374742,9.384741,9.374742,9.434741,9.534741,9.634741,9.644741,9.484741,9.054741,8.544742,8.224741,8.024741,7.954741,8.004742,8.254742,8.484741,8.554741,8.404741,8.364741,8.594741,8.614741,8.594741,8.024741,7.394741,6.8447413,6.6547413,6.684741,6.754741,6.8847413,7.1147413,6.894741,6.664741,6.3447413,5.984741,5.6947412,5.454741,5.1547413,4.734741,4.2847414,4.234741,4.3447413,4.024741,3.4247413,2.7047412,2.4747412
10.674741,10.564741,10.334742,10.124742,10.004742,9.894741,9.774741,9.644741,9.574741,9.654741,9.814741,9.904741,9.974741,10.034741,10.024741,9.974741,10.024741,10.044742,10.104741,10.054741,9.884741,9.614741,9.174741,8.874742,8.714741,8.604741,8.584742,8.754742,8.974741,8.9147415,8.904741,8.9147415,8.934741,8.9147415,8.904741,8.564741,8.124742,7.724741,7.664741,7.684741,7.5547414,7.294741,7.254741,7.1547413,7.1147413,6.9247413,6.544741,6.254741,6.0547414,5.8647413,5.464741,4.9047413,4.724741,4.854741,4.704741,4.314741,3.6947412,3.2847412
11.4147415,11.254742,11.254742,11.124742,10.854741,10.724741,10.564741,10.364741,10.4147415,10.384741,10.344741,10.444741,10.534741,10.554741,10.644741,10.6647415,10.604741,10.644741,10.634741,10.524741,10.314741,10.024741,9.774741,9.514741,9.344741,9.224741,9.1647415,9.134741,9.294742,9.444741,9.544742,9.524741,9.334742,9.304741,9.344741,9.004742,8.784741,8.524741,8.654741,8.644741,8.314741,7.9447412,7.5147414,7.374741,7.4447412,7.414741,7.104741,6.8847413,6.704741,6.5347414,6.1747413,5.6347413,5.3247414,5.414741,5.434741,5.184741,4.624741,4.0947413
12.174741,12.054741,12.074741,12.114741,12.014741,11.714741,11.514741,11.124742,10.894741,10.834742,10.714741,10.6647415,10.974741,11.134741,11.084742,11.1647415,11.284741,11.264741,11.114741,10.944741,10.774741,10.544742,10.374742,10.094741,9.934741,9.774741,9.614741,9.594741,9.904741,10.174741,10.154741,10.074741,9.864741,9.804741,9.784741,9.524741,9.274741,9.074741,9.194741,9.384741,9.314741,8.794742,8.234741,7.704741,7.474741,7.734741,7.7647414,7.6347413,7.414741,7.164741,6.934741,6.464741,6.104741,6.0147414,6.084741,6.004741,5.6147413,5.0147414
12.844741,12.844741,12.894741,12.894741,12.834742,12.604741,12.344741,12.024741,11.744741,11.684741,11.494741,11.294742,11.404741,11.594741,11.644741,11.6647415,11.764741,11.724741,11.6647415,11.614741,11.434741,11.2047415,10.984741,10.694741,10.4147415,10.224741,10.184741,10.324741,10.6647415,10.774741,10.694741,10.674741,10.494741,10.384741,10.304741,10.094741,9.924741,9.724741,9.814741,10.134741,10.194741,9.6647415,9.094741,8.354741,7.9947414,8.194741,8.4147415,8.294742,8.094741,7.8647413,7.624741,7.1147413,6.7847414,6.6947412,6.664741,6.6747413,6.2847414,5.604741
13.304741,13.464741,13.614741,13.4547415,13.364741,13.144741,12.884741,12.634741,12.364741,12.264741,12.294742,12.214741,12.144741,12.034741,11.924741,12.004742,12.194741,12.224741,12.154741,12.074741,11.934741,11.714741,11.4547415,11.274741,10.994741,10.894741,10.854741,10.924741,11.154741,11.294742,11.354741,11.324741,11.234741,10.974741,10.874742,10.714741,10.544742,10.384741,10.2047415,10.574741,10.894741,10.604741,10.034741,9.304741,8.834742,8.644741,8.764741,8.894741,8.694741,8.434741,8.144741,7.794741,7.394741,7.2647414,7.314741,7.2447414,6.894741,6.2847414
13.814741,13.874742,14.344741,14.304741,13.874742,13.544742,13.294742,13.054741,12.864741,12.784741,12.714741,12.694741,12.864741,13.004742,12.854741,12.724741,12.7047415,12.574741,12.4547415,12.334742,12.374742,12.324741,12.134741,11.934741,11.624742,11.384741,11.304741,11.4147415,11.564741,11.724741,11.804741,11.784741,11.774741,11.684741,11.654741,11.524741,11.324741,10.804741,10.854741,11.4147415,11.644741,11.334742,10.804741,10.274741,9.694741,9.174741,9.174741,9.384741,9.184741,8.844741,8.734741,8.524741,8.094741,7.8247414,7.8647413,7.814741,7.3047414,6.754741
14.2047415,14.084742,14.074741,14.174741,13.964741,13.574741,13.284741,13.194741,13.104741,13.234741,13.274741,13.264741,13.304741,13.274741,13.234741,13.394741,13.364741,13.334742,13.224741,13.034741,12.884741,12.754742,12.574741,12.324741,12.144741,11.9547415,11.944741,12.004742,12.094741,12.184741,12.274741,12.244741,12.264741,12.2047415,12.224741,12.2047415,11.824741,11.614741,11.904741,11.924741,11.984741,11.794742,11.384741,10.884741,10.2047415,9.714741,9.614741,9.644741,9.734741,9.474741,9.404741,9.194741,8.594741,8.044742,8.104741,8.274741,7.874741,7.434741
14.294742,14.234741,14.1647415,14.104741,14.024741,13.754742,13.334742,13.2047415,13.154741,13.354741,13.524741,13.564741,13.544742,13.354741,13.1647415,13.264741,13.584742,13.614741,13.474741,13.374742,13.244741,13.114741,13.044742,12.794742,12.554741,12.394741,12.334742,12.404741,12.564741,12.674741,12.744741,12.834742,12.9547415,13.054741,13.014741,12.874742,12.834742,12.814741,12.694741,12.584742,12.304741,12.124742,11.804741,11.384741,10.794742,10.264741,9.824741,9.834742,10.064741,10.214741,10.114741,9.604741,8.974741,8.524741,8.554741,8.7047415,8.294742,7.914741
14.194741,14.294742,14.4147415,14.304741,14.1647415,13.9547415,13.734741,13.4547415,13.264741,13.294742,13.494741,13.644741,13.674741,13.474741,13.194741,13.304741,13.634741,13.784741,13.744741,13.834742,13.744741,13.654741,13.514741,13.404741,13.264741,13.084742,13.064741,13.054741,13.234741,13.334742,13.444741,13.574741,13.634741,13.564741,13.374742,13.274741,13.224741,13.174741,13.144741,13.034741,12.794742,12.474741,12.184741,11.734741,11.354741,10.894741,10.4147415,10.324741,10.544742,10.934741,10.494741,9.984741,9.254742,8.874742,8.9547415,8.9547415,8.4147415,7.954741
14.4147415,14.714741,14.824741,14.734741,14.474741,14.124742,13.764741,13.484741,13.344741,13.404741,13.694741,13.924741,14.014741,13.874742,13.7047415,13.684741,13.674741,13.794742,13.934741,13.924741,13.944741,13.874742,13.744741,13.764741,13.734741,13.724741,13.7047415,13.554741,13.424741,13.524741,13.714741,13.824741,13.874742,13.854741,13.744741,13.674741,13.6647415,13.614741,13.614741,13.474741,13.314741,12.994741,12.634741,12.194741,11.794742,11.314741,10.9147415,10.994741,10.884741,11.094741,11.014741,10.464741,9.714741,9.264741,9.424741,9.224741,8.564741,8.224741
14.184741,14.994741,15.154741,14.9547415,14.614741,14.254742,13.974741,13.764741,13.744741,13.984741,14.324741,14.394741,14.354741,14.094741,13.774741,13.574741,13.524741,13.634741,13.844741,14.014741,14.124742,14.054741,14.004742,13.9547415,14.114741,14.184741,14.114741,14.084742,14.004742,14.084742,14.184741,14.314741,14.384741,14.464741,14.384741,14.334742,14.344741,14.314741,14.264741,14.254742,14.094741,13.694741,13.234741,12.834742,12.424741,12.014741,11.674741,11.634741,11.224741,11.324741,11.184741,10.964741,10.364741,9.904741,9.904741,9.524741,8.734741,8.424741
9.124742,11.194741,12.814741,13.634741,13.754742,13.634741,13.534741,13.644741,13.814741,14.064741,14.264741,14.374742,14.324741,14.014741,13.594741,13.2047415,13.094741,13.394741,13.824741,14.1647415,14.264741,14.294742,14.244741,14.344741,14.504742,14.574741,14.604741,14.724741,14.934741,15.114741,15.284741,15.404741,15.514741,15.494741,15.574741,15.544742,15.574741,15.464741,15.264741,14.9147415,14.564741,14.2047415,13.874742,13.524741,13.324741,12.894741,12.484741,11.984741,11.514741,11.6647415,11.374742,11.114741,10.844741,10.544742,10.394741,9.944741,9.144741,8.714741
11.024741,11.034741,10.894741,10.754742,10.764741,11.114741,11.564741,11.984741,12.374742,12.974741,13.494741,13.764741,13.754742,13.474741,13.264741,13.174741,13.2047415,13.464741,13.774741,14.004742,14.054741,14.064741,14.134741,14.374742,14.724741,14.894741,15.014741,15.124742,15.424741,15.624742,15.6647415,15.734741,15.714741,15.854741,15.924741,15.964741,15.964741,16.04474,15.994741,15.764741,15.294742,14.764741,14.264741,14.014741,13.754742,13.544742,13.074741,12.404741,11.654741,11.394741,11.244741,11.074741,10.904741,10.9547415,10.854741,10.434741,9.814741,9.214741
12.144741,12.444741,12.194741,11.354741,10.574741,10.334742,10.394741,10.464741,10.714741,11.284741,12.004742,12.574741,12.854741,12.894741,13.024741,13.284741,13.684741,14.024741,14.144741,14.094741,14.044742,14.094741,14.294742,14.604741,14.894741,15.114741,15.194741,15.354741,15.564741,15.574741,15.364741,15.174741,15.1647415,15.324741,15.4147415,15.6647415,15.994741,16.45474,16.684742,16.55474,16.05474,15.384741,14.684741,14.294742,14.324741,14.254742,13.784741,12.684741,11.784741,11.094741,10.674741,10.384741,10.4547415,11.194741,11.314741,11.014741,10.474741,9.754742
10.2047415,11.124742,11.6647415,11.724741,11.514741,11.044742,10.504742,10.194741,10.384741,10.934741,11.684741,12.274741,12.544742,12.764741,13.024741,13.534741,14.104741,14.514741,14.6647415,14.554741,14.524741,14.744741,15.304741,15.844741,16.184742,16.274742,16.19474,16.074741,15.874742,15.604741,15.294742,15.174741,15.304741,15.684741,15.944741,16.234741,16.604742,16.994741,17.264742,17.174742,16.71474,16.024742,15.424741,15.054741,14.9147415,14.944741,14.344741,12.854741,11.354741,10.264741,9.774741,9.614741,10.564741,11.774741,11.9147415,11.634741,11.044742,10.254742
8.434741,8.614741,9.234741,10.324741,11.644741,12.524741,12.7047415,12.474741,12.144741,11.964741,12.344741,12.774741,13.074741,13.114741,13.194741,13.4547415,14.044742,14.574741,14.944741,15.044742,15.094741,15.304741,15.844741,16.524742,16.94474,17.004742,16.86474,16.63474,16.404741,16.19474,16.024742,16.094742,16.46474,17.094742,17.53474,17.734741,17.894741,18.074741,18.20474,17.96474,17.54474,17.004742,16.37474,15.794742,15.154741,14.564741,13.9147415,12.944741,11.654741,10.444741,9.864741,10.284741,11.614741,12.484741,12.434741,12.034741,11.424741,10.724741
