002/json-merging/data/a.json
{"header": {"discipline":0,"disciplineName":"Meteorological products","gribEdition":2,"gribLength":253400,"center":7,"centerName":"US National Weather Service - NCEP(WMC)","subcenter":0,"refTime":"2017-07-31T18:00:00.000Z","significanceOfRT":1,"significanceOfRTName":"Start of forecast","productStatus":0,"productStatusName":"Operational products","productType":1,"productTypeName":"Forecast products","productDefinitionTemplate":0,"productDefinitionTemplateName":"Analysis/forecast at horizontal level/layer at a point in time","parameterCategory":2,"parameterCategoryName":"Momentum","parameterNumber":2,"parameterNumberName":"U-component_of_wind","parameterUnit":"m.s-1","genProcessType":2,"genProcessTypeName":"Forecast","forecastTime":0,"surface1Type":103,"surface1TypeName":"Specified height level above ground","surface1Value":10.0,"surface2Type":255,"surface2TypeName":"Missing","surface2Value":0.0,"gridDefinitionTemplate":0,"gridDefinitionTemplateName":"Latitude_Longitude","numberPoints":259920,"shape":6,"shapeName":"Earth spherical with radius of 6,371,229.0 m","gridUnits":"degrees","resolution":48,"winds":"true","scanMode":0,"nx":720,"ny":361,"basicAngle":0,"lo1":0.0,"la1":90.0,"lo2":359.5,"la2":-90.0,"dx":0.5,"dy":0.5}, "data":
[rows 300 to 324 of 361, columns 0 to 57 of 720]
9.6647415,10.004742,10.314741,10.504742,10.604741,10.714741,10.794742,10.874742,10.894741,10.774741,10.604741,10.624742,10.744741,11.024741,11.4547415,11.874742,12.304741,12.7047415,13.014741,13.274741,13.534741,13.744741,13.9147415,14.024741,14.074741,13.984741,14.154741,14.254742,14.014741,13.694741,13.894741,13.744741,13.794742,13.854741,13.754742,13.804741,13.584742,13.434741,13.334742,13.384741,13.634741,13.814741,13.824741,13.994741,14.114741,14.134741,14.084742,13.9147415,13.7047415,13.344741,13.064741,12.9147415,13.364741,13.464741,14.234741,14.504742,14.274741,13.354741
9.624742,10.094741,10.554741,10.924741,11.084742,10.944741,10.524741,9.994741,9.574741,9.514741,9.764741,10.294742,10.854741,11.394741,11.864741,12.124742,12.354741,12.624742,12.884741,13.254742,13.544742,13.7047415,13.9147415,14.094741,14.234741,14.464741,14.774741,14.754742,14.854741,14.974741,15.064741,15.014741,14.724741,14.424741,14.074741,13.924741,14.064741,13.994741,13.864741,13.634741,13.544742,13.554741,13.4547415,13.374742,13.404741,13.734741,13.564741,13.2047415,13.124742,12.774741,12.524741,12.394741,12.254742,12.094741,12.1647415,12.374742,13.574741,12.9147415
10.394741,9.734741,8.684741,7.584741,6.624741,5.974741,5.8047414,6.1947412,6.984741,7.964741,8.874742,9.744741,10.424741,10.944741,11.594741,12.174741,12.604741,12.834742,12.924741,13.064741,13.4147415,13.694741,14.074741,14.594741,14.774741,14.874742,14.864741,15.124742,15.524741,15.734741,15.544742,15.404741,15.034741,14.734741,14.434741,14.284741,14.4147415,14.1647415,13.974741,13.654741,13.774741,13.714741,13.504742,13.304741,12.904741,12.694741,12.524741,12.444741,11.964741,11.484741,11.304741,11.334742,11.394741,11.594741,11.824741,11.814741,11.6647415,11.514741
1.5347412,1.4647412,2.1647413,3.1747413,4.1147413,4.934741,5.9247413,7.024741,8.004742,8.864741,9.7047415,10.554741,11.334742,11.9147415,12.354741,12.654741,12.894741,13.104741,13.434741,13.924741,14.424741,14.754742,14.944741,15.114741,15.224741,15.244741,15.274741,15.344741,15.4147415,15.4547415,15.464741,15.444741,15.464741,15.4147415,15.134741,14.884741,14.814741,14.564741,14.214741,13.894741,13.654741,13.494741,13.1647415,12.984741,12.794742,12.384741,11.904741,11.264741,11.074741,11.054741,11.084742,10.924741,10.594741,10.624742,10.774741,10.9147415,10.994741,10.764741
2.6547413,3.6147413,4.104741,4.644741,5.394741,6.4247413,7.584741,8.654741,9.554741,10.354741,11.074741,11.724741,12.1647415,12.484741,12.934741,13.374742,13.854741,14.354741,14.744741,15.074741,15.384741,15.494741,15.404741,15.354741,15.4547415,15.584742,15.614741,15.624742,15.644741,15.7047415,15.714741,15.624742,15.314741,15.144741,14.984741,15.074741,14.974741,14.684741,14.464741,14.254742,13.9147415,13.354741,13.054741,12.584742,12.094741,11.804741,11.564741,11.224741,10.734741,10.444741,10.304741,10.114741,9.714741,9.324741,9.264741,9.484741,9.684741,9.544742
3.5447412,4.254741,5.1147413,6.214741,7.414741,8.464741,9.364741,10.084742,10.684741,11.134741,11.614741,12.144741,12.644741,13.244741,13.904741,14.504742,14.884741,15.074741,15.064741,15.104741,15.194741,15.354741,15.574741,15.694741,15.814741,15.9147415,15.904741,15.844741,15.774741,15.634741,15.504742,15.324741,15.034741,14.844741,14.624742,14.394741,14.244741,13.834742,13.584742,13.294742,13.4147415,13.104741,12.554741,12.064741,11.614741,11.1647415,10.824741,10.274741,9.754742,9.354741,9.1647415,8.984741,8.484741,7.964741,7.7647414,7.714741,7.724741,7.8047414
5.314741,6.294741,7.234741,8.114741,8.874742,9.564741,10.234741,10.634741,11.214741,11.734741,12.224741,12.794742,13.284741,13.604741,13.814741,14.014741,14.304741,14.714741,15.154741,15.544742,15.774741,16.004742,16.184742,16.334742,16.414742,16.404741,16.334742,16.224741,16.094742,15.9147415,15.6647415,15.334742,14.984741,14.604741,14.134741,13.674741,13.324741,12.924741,12.4547415,12.274741,12.034741,11.714741,11.4547415,11.044742,10.854741,10.474741,9.9547415,9.334742,8.784741,8.374742,8.084742,7.9447412,7.6747413,7.0947413,6.464741,6.1947412,6.1947412,6.1347413
6.794741,7.604741,8.234741,8.904741,9.654741,10.314741,10.874742,11.254742,11.574741,11.834742,12.1647415,12.564741,12.974741,13.444741,13.974741,14.464741,14.894741,15.144741,15.254742,15.304741,15.464741,15.604741,15.644741,15.634741,15.604741,15.504742,15.374742,15.174741,14.924741,14.574741,14.234741,13.834742,13.504742,13.2047415,12.874742,12.524741,12.144741,11.764741,11.404741,11.004742,10.674741,10.104741,9.874742,9.584742,9.354741,9.094741,8.674741,8.144741,7.714741,7.374741,7.0547414,6.754741,6.4447412,5.984741,5.4047413,4.8647413,4.5347414,4.4947414
7.9947414,8.634741,9.124742,9.584742,10.044742,10.404741,10.674741,11.004742,11.404741,11.884741,12.384741,12.644741,12.494741,11.964741,11.364741,11.074741,11.354741,12.004742,12.274741,11.7047415,10.274741,8.464741,6.894741,6.0747414,5.9947414,6.4047413,7.294741,8.4147415,9.354741,9.7047415,9.334742,8.764741,8.594741,8.924741,9.484741,9.844741,9.814741,9.494741,9.074741,8.6647415,8.344741,8.154741,8.104741,7.914741,7.6947412,7.4447412,7.0347414,6.624741,6.1347413,5.724741,5.4247413,5.144741,4.774741,4.254741,3.7447412,3.2847412,3.0147412,3.0247412
8.604741,9.014741,9.244741,9.504742,9.854741,10.364741,10.894741,11.174741,10.794742,9.814741,8.584742,7.504741,6.984741,7.354741,8.6647415,9.9547415,9.674741,7.2847414,3.6947412,0.6047412,-1.0652587,-1.5352588,-1.5252588,-1.5952588,-1.8652588,-2.3652587,-2.9652588,-3.5452588,-4.0552588,-4.535259,-5.0052586,-5.0052586,-4.4252586,-3.405259,-2.0452588,-0.60525876,0.8447412,2.1547413,3.1947412,3.9247413,4.474741,4.8647413,5.124741,5.3047414,5.334741,5.254741,5.104741,4.774741,4.3047414,3.6247413,2.9747412,2.5047412,2.0647411,1.6347412,1.3547412,1.3547412,1.5247412,1.8647412
8.714741,9.004742,9.424741,9.874742,9.9147415,9.074741,7.3047414,5.234741,3.7947412,3.4747412,3.9047413,4.6347413,5.794741,7.1747413,7.2847414,4.5947413,0.4847412,-1.8652588,-1.8252587,-1.1752588,-1.0252588,-1.2152588,-1.2852588,-1.2352588,-1.2052588,-1.1952587,-1.2952588,-1.5352588,-1.7052588,-1.7152588,-1.6252588,-1.4552588,-1.3552588,-1.3052588,-1.2452588,-1.2452588,-1.2652588,-1.2752588,-1.1852587,-0.8652588,-0.39525878,0.3247412,1.2647412,2.1247413,2.5447412,2.5147412,2.1747413,1.6547412,0.96474123,0.20474121,-0.4252588,-0.7352588,-0.7552588,-0.5852588,-0.2452588,0.25474122,0.7947412,1.3247412
9.134741,8.874742,7.6347413,5.484741,3.0447412,1.2447412,0.6847412,1.1647412,1.9247413,2.2647412,2.2047412,2.4247413,3.1347413,3.3847413,1.8747412,-0.8452588,-2.155259,-1.7252588,-1.3452588,-1.7452588,-2.0852587,-1.9252588,-1.5252588,-1.3052588,-1.3052588,-1.3652588,-1.4452587,-1.5152588,-1.5852588,-1.6452588,-1.7052588,-1.7252588,-1.7852588,-1.8952588,-2.0452588,-2.1252587,-2.0752587,-1.9652588,-1.8952588,-1.8552588,-1.8652588,-1.8752588,-1.9552588,-2.2652588,-2.7752588,-3.2752588,-3.6352587,-3.8352587,-3.8552587,-3.655259,-3.2552588,-2.6952589,-2.0252588,-1.3352588,-0.7052588,-0.15525879,0.2947412,0.6347412
4.3047414,1.4147412,-0.7052588,-1.3152587,-0.8752588,-0.20525879,0.08474121,-0.04525879,-0.3552588,-0.6452588,-0.78525877,-0.7652588,-0.7552588,-1.2652588,-2.3252587,-3.1852589,-3.0952587,-2.3852587,-1.7952588,-1.5852588,-1.5452588,-1.5852588,-1.6552588,-1.7052588,-1.6752588,-1.6052588,-1.5752587,-1.5452588,-1.5852588,-1.7052588,-1.9052588,-2.155259,-2.5652587,-3.155259,-3.915259,-4.6752586,-5.285259,-5.815259,-6.395259,-6.745259,-6.935259,-7.085259,-7.295259,-7.3452587,-7.275259,-7.015259,-6.585259,-5.9852586,-5.225259,-4.395259,-3.6052587,-2.915259,-2.3352587,-1.8852588,-1.5652587,-1.2452588,-0.8352588,-0.2852588
-2.7252588,-2.405259,-1.9152588,-1.7652588,-1.9552588,-2.2152588,-2.395259,-2.4952588,-2.665259,-2.9752588,-3.405259,-3.8152587,-4.125259,-4.5752587,-5.265259,-5.895259,-6.065259,-5.6152587,-4.785259,-3.9452589,-3.1752589,-2.5252588,-2.0152588,-1.5952588,-1.3252587,-1.2552588,-1.4152588,-1.6952587,-2.0652587,-2.4752588,-2.8652587,-3.1952589,-3.5552588,-3.9852588,-4.515259,-5.105259,-5.545259,-5.895259,-6.3452587,-6.6752586,-6.9252586,-7.035259,-7.045259,-6.8652587,-6.6352587,-6.355259,-5.935259,-5.4252586,-4.8852587,-4.3052588,-3.7052588,-3.1052587,-2.5252588,-1.9852588,-1.5352588,-1.2252588,-1.1752588,-1.5352588
-3.3552587,-3.6752589,-4.0052586,-4.185259,-4.2352586,-4.3052588,-4.495259,-4.775259,-5.125259,-5.455259,-5.7152586,-5.9252586,-6.145259,-6.515259,-6.975259,-7.355259,-7.495259,-7.5052586,-7.525259,-7.705259,-7.955259,-8.0452585,-7.8852587,-7.5052586,-6.9852586,-6.455259,-5.975259,-5.515259,-5.125259,-4.8052588,-4.6352587,-4.525259,-4.4852586,-4.455259,-4.645259,-4.9652586,-5.4452586,-5.7352586,-5.955259,-6.0052586,-6.0552588,-6.0752587,-6.025259,-5.8452587,-5.605259,-5.275259,-4.9252586,-4.605259,-4.415259,-4.3652587,-4.4852586,-4.875259,-5.535259,-6.3852587,-7.315259,-8.245258,-9.0852585,-9.705258
-6.1552587,-6.2352586,-6.245259,-6.3052588,-6.455259,-6.6152587,-6.7352586,-6.895259,-7.125259,-7.3852587,-7.625259,-7.775259,-7.8852587,-8.005259,-8.175259,-8.325259,-8.405259,-8.475259,-8.5852585,-8.735259,-8.955258,-9.195259,-9.455258,-9.685259,-9.925259,-10.155259,-10.3352585,-10.495258,-10.625258,-10.685259,-10.745258,-10.775259,-10.735259,-10.655259,-10.565259,-10.445259,-10.305259,-10.095259,-9.875258,-9.705258,-9.535259,-9.405259,-9.325259,-9.345259,-9.455258,-9.665258,-9.935259,-10.255259,-10.635259,-10.995258,-11.225259,-11.375258,-11.425259,-11.365259,-11.225259,-11.095259,-11.015259,-10.995258
-7.545259,-7.6352587,-7.745259,-7.9452586,-8.205258,-8.465259,-8.645259,-8.755259,-8.775259,-8.845259,-8.965259,-9.145259,-9.355259,-9.565259,-9.775259,-9.925259,-10.065259,-10.165258,-10.235259,-10.325259,-10.375258,-10.465259,-10.605259,-10.735259,-10.885259,-11.025259,-11.135259,-11.215259,-11.265259,-11.325259,-11.345259,-11.415258,-11.465259,-11.5852585,-11.695259,-11.845259,-11.995258,-12.105259,-12.255259,-12.325259,-12.405259,-12.395259,-12.385259,-12.325259,-12.2952585,-12.155259,-12.025259,-11.865259,-11.735259,-11.665258,-11.635259,-11.625258,-11.655259,-11.725259,-11.805259,-11.905259,-12.0452585,-12.215259
-8.315259,-8.505259,-8.785259,-9.105259,-9.455258,-9.685259,-9.825259,-9.915258,-9.995258,-10.115259,-10.265259,-10.415258,-10.575259,-10.775259,-10.995258,-11.275259,-11.415258,-11.525259,-11.655259,-11.825259,-11.865259,-11.955258,-11.995258,-11.975259,-11.985259,-12.125258,-12.315259,-12.445259,-12.655259,-12.775259,-12.765259,-12.695259,-12.705258,-12.695259,-12.685259,-12.685259,-12.725259,-12.785259,-12.845259,-12.875258,-12.875258,-12.855259,-12.785259,-12.745258,-12.705258,-12.675259,-12.615259,-12.565259,-12.515259,-12.475259,-12.455258,-12.455258,-12.465259,-12.515259,-12.605259,-12.735259,-12.875258,-13.005259
-8.735259,-9.305259,-9.465259,-9.565259,-9.7952585,-10.115259,-10.475259,-10.885259,-11.255259,-11.505259,-11.665258,-11.745258,-11.825259,-11.885259,-12.075259,-12.255259,-12.415258,-12.485259,-12.515259,-12.685259,-12.805259,-12.785259,-12.945259,-13.015259,-13.235259,-13.5452585,-13.935259,-14.125258,-14.2952585,-14.195259,-14.075259,-13.925259,-13.765259,-13.685259,-13.695259,-13.765259,-13.8352585,-13.925259,-13.965259,-14.015259,-13.985259,-13.885259,-13.775259,-13.625258,-13.505259,-13.385259,-13.285259,-13.195259,-13.095259,-13.005259,-12.905259,-12.745258,-12.5452585,-12.225259,-11.845259,-11.645259,-11.655259,-11.735259
-8.995258,-9.955258,-9.965259,-9.875258,-10.065259,-10.455258,-10.915258,-11.385259,-11.865259,-12.305259,-12.705258,-12.935259,-13.155259,-13.275259,-13.375258,-13.425259,-13.515259,-13.745258,-13.955258,-14.135259,-14.215259,-14.365259,-14.425259,-14.495258,-14.755259,-14.955258,-15.035259,-15.005259,-14.135259,-14.0452585,-14.395259,-15.055259,-15.075259,-14.615259,-14.445259,-14.715259,-14.905259,-15.025259,-15.025259,-15.115259,-15.185259,-14.995258,-14.705258,-14.225259,-13.615259,-13.165258,-12.855259,-12.685259,-12.265259,-11.725259,-11.395259,-11.465259,-11.765259,-11.775259,-11.915258,-12.025259,-12.035259,-11.845259
-8.895259,-9.075259,-9.405259,-9.815259,-10.3352585,-11.485259,-12.325259,-12.725259,-13.165258,-13.615259,-13.945259,-14.325259,-14.515259,-14.305259,-13.215259,-14.535259,-13.595259,-13.465259,-14.505259,-13.775259,-12.975259,-12.8352585,-12.815259,-13.0852585,-13.555259,-15.5452585,-13.945259,-13.945259,-14.215259,-14.995258,-15.895259,-16.05526,-14.825259,-12.995258,-12.115259,-12.3352585,-12.5852585,-12.245258,-11.595259,-11.285259,-11.665258,-12.2952585,-12.665258,-12.715259,-13.265259,-12.955258,-12.965259,-13.325259,-12.985259,-12.595259,-11.895259,-11.485259,-11.535259,-10.595259,-9.175259,-8.695259,-8.0452585,-7.355259
-8.245258,-7.785259,-7.665259,-7.785259,-7.915259,-8.0852585,-8.235259,-8.265259,-8.225259,-8.215259,-8.315259,-8.405259,-8.535259,-8.725259,-9.515259,-10.845259,-12.015259,-12.365259,-12.165258,-11.885259,-11.765259,-11.675259,-11.425259,-11.415258,-12.285259,-13.785259,-14.455258,-13.8352585,-13.0852585,-13.905259,-15.925259,-17.03526,-16.175259,-14.365259,-13.355259,-13.525259,-13.475259,-11.885259,-8.955258,-6.995259,-7.455259,-9.525259,-11.955258,-13.235259,-12.035259,-9.875258,-9.7952585,-10.705258,-10.175259,-8.275259,-6.935259,-6.765259,-6.855259,-6.8052588,-6.685259,-6.605259,-6.7552586,-7.3852587
-4.375259,-3.9352589,-3.7052588,-3.8752587,-4.725259,-6.085259,-7.4252586,-8.145259,-8.205258,-8.135259,-8.235259,-8.275259,-7.7152586,-6.765259,-6.285259,-7.2152586,-9.485259,-12.005259,-13.8352585,-14.535259,-14.595259,-14.385259,-13.435259,-11.525259,-10.005259,-10.375258,-12.105259,-13.715259,-14.385259,-14.2952585,-13.995258,-13.885259,-14.0852585,-14.605259,-15.0852585,-14.765259,-13.325259,-10.975259,-8.745258,-7.795259,-8.485259,-9.875258,-11.515259,-12.645259,-12.465259,-11.725259,-11.845259,-12.255259,-11.695259,-10.265259,-9.015259,-8.365259,-8.285259,-8.815259,-9.5852585,-10.0452585,-10.175259,-10.315259
-2.8152587,-4.2552586,-4.775259,-4.785259,-5.245259,-6.6352587,-8.325259,-8.785259,-8.105259,-7.5552588,-7.535259,-7.6752586,-7.4052587,-6.205259,-4.785259,-3.8152587,-4.2552586,-6.165259,-8.895259,-10.815259,-11.405259,-11.525259,-11.315259,-10.435259,-9.745258,-8.955258,-9.535259,-8.735259,-7.995259,-7.835259,-8.765259,-10.405259,-11.665258,-12.225259,-12.175259,-11.435259,-10.155259,-8.465259,-6.565259,-4.9052587,-3.6952589,-3.8252587,-5.1152587,-6.9852586,-8.885259,-10.675259,-12.135259,-13.285259,-13.655259,-13.235259,-12.3352585,-11.195259,-10.025259,-9.285259,-9.315259,-10.005259,-10.815259,-11.285259
-3.145259,-2.9952588,-2.4352589,-2.2252588,-2.6852589,-3.2552588,-4.1952586,-5.035259,-5.3252587,-5.625259,-5.855259,-8.205258,-7.7552586,-6.2352586,-4.605259,-3.2752588,-4.725259,-6.665259,-7.835259,-8.395259,-9.105259,-10.475259,-12.215259,-13.565259,-13.235259,-9.705258,-6.745259,-5.585259,-5.7352586,-5.495259,-6.065259,-7.705259,-9.705258,-10.195259,-8.5852585,-6.205259,-4.685259,-4.1352587,-3.5752587,-3.5752587,-3.1252587,-2.4952588,-1.7052588,-1.4152588,-1.6752588,-2.395259,-2.5952587,-3.0052588,-3.3552587,-3.915259,-4.285259,-5.045259,-4.165259,-6.125259,-7.105259,-8.185259,-8.885259,-8.635259
