002/json-merging/data/a.json
{"header": {"discipline":0,"disciplineName":"Meteorological products","gribEdition":2,"gribLength":253400,"center":7,"centerName":"US National Weather Service - NCEP(WMC)","subcenter":0,"refTime":"2017-07-31T18:00:00.000Z","significanceOfRT":1,"significanceOfRTName":"Start of forecast","productStatus":0,"productStatusName":"Operational products","productType":1,"productTypeName":"Forecast products","productDefinitionTemplate":0,"productDefinitionTemplateName":"Analysis/forecast at horizontal level/layer at a point in time","parameterCategory":2,"parameterCategoryName":"Momentum","parameterNumber":2,"parameterNumberName":"U-component_of_wind","parameterUnit":"m.s-1","genProcessType":2,"genProcessTypeName":"Forecast","forecastTime":0,"surface1Type":103,"surface1TypeName":"Specified height level above ground","surface1Value":10.0,"surface2Type":255,"surface2TypeName":"Missing","surface2Value":0.0,"gridDefinitionTemplate":0,"gridDefinitionTemplateName":"Latitude_Longitude","numberPoints":259920,"shape":6,"shapeName":"Earth spherical with radius of 6,371,229.0 m","gridUnits":"degrees","resolution":48,"winds":"true","scanMode":0,"nx":720,"ny":361,"basicAngle":0,"lo1":0.0,"la1":90.0,"lo2":359.5,"la2":-90.0,"dx":0.5,"dy":0.5}, "data":
[rows 275 to 299 of 361, columns 0 to 57 of 720]
4.2847414,3.9147413,3.4147413,2.834741,2.3247411,2.1347413,2.2447412,2.2347412,2.0747411,1.8347412,1.4547412,1.1247412,1.2847412,1.5447412,1.3247412,0.83474123,0.6047412,0.5947412,0.64474124,0.6247412,-0.015258789,-0.7152588,-0.8952588,-0.6152588,0.08474121,0.83474123,1.7147412,3.5547411,5.894741,7.4247413,8.214741,8.044742,5.874741,4.004741,3.9447412,3.8847413,3.2247412,2.3747413,1.5047412,1.3347412,1.4247413,1.0347412,-0.4152588,-1.6352588,-1.5552588,-1.3252587,-1.2152588,-1.1652588,-0.9252588,-0.40525877,0.4047412,1.1047412,1.4647412,1.5247412,1.2747412,1.0247412,1.2947412,2.0547411
4.0947413,3.5047412,3.084741,2.834741,2.584741,2.604741,2.9347413,3.0247412,3.0547411,2.9447412,2.3047411,1.7447412,1.8747412,2.2147412,2.0447412,1.6947412,1.3847412,1.1147412,0.9447412,1.0047412,0.6247412,0.05474121,-0.2552588,-0.3152588,0.10474121,0.3947412,0.4547412,1.2547412,2.6947412,4.9447412,7.254741,8.364741,6.7647414,4.334741,3.4647412,3.5247412,3.594741,3.334741,2.854741,2.2047412,1.7147412,1.4947412,0.9247412,-0.1352588,-0.6552588,-0.72525877,-0.4852588,-0.12525879,0.38474122,0.8647412,1.4347413,1.9647412,2.1747413,2.0247412,1.8347412,1.5547413,1.5947412,2.344741
3.6847413,3.3847413,3.2847412,3.3047411,3.2147412,3.334741,3.6947412,3.834741,3.8747413,3.8247411,3.1947412,2.604741,2.6747413,2.9347413,2.834741,2.5347412,2.2547412,1.9347413,1.6047412,1.3747412,1.1247412,0.7447412,0.5947412,0.47474122,0.41474122,0.38474122,0.13474122,0.06474121,0.5447412,1.4547412,3.7047412,6.834741,7.7647414,5.8647413,4.0547414,3.344741,3.344741,3.4847412,3.4347413,3.2547412,2.9247413,2.3947413,1.8347412,1.1447412,0.8547412,0.8047412,0.7847412,0.71474123,0.9147412,1.4147412,1.9847412,2.4347413,2.6947412,2.3847413,2.084741,2.1447413,2.3047411,2.844741
4.0547414,4.004741,4.1147413,4.254741,4.1947412,4.224741,4.454741,4.5947413,4.5747414,4.394741,3.9147413,3.5347412,3.4647412,3.5047412,3.4347413,3.2647412,3.0347412,2.7147412,2.3647413,2.1347413,1.8847412,1.4047412,1.0747412,0.9447412,0.7447412,0.5547412,0.3047412,-0.12525879,-0.2452588,0.014741211,0.4047412,2.6947412,6.354741,7.774741,6.004741,4.0547414,3.2647412,3.0047412,2.8647413,2.7747412,2.8247411,2.9147413,2.9347413,2.7547412,2.1947412,1.4347413,1.0547413,1.3347412,1.6847413,1.9547412,2.2247412,2.4347413,2.7947412,2.9047413,2.6747413,2.844741,3.344741,3.854741
5.334741,5.374741,5.4247413,5.374741,5.234741,5.274741,5.414741,5.484741,5.374741,5.104741,4.714741,4.454741,4.3247414,4.1747413,3.9947412,3.834741,3.6747413,3.4547412,3.1347413,2.8647413,2.6647413,2.2647412,1.8147413,1.4647412,1.3047413,1.0947412,0.70474124,0.18474121,-0.18525879,-0.3752588,-0.66525877,-0.72525877,1.3847412,5.754741,7.8447413,6.184741,3.9547412,2.9847412,2.6247413,2.4147413,2.5447412,2.834741,3.0047412,2.9347413,2.5447412,2.0347412,1.7447412,1.8547412,2.1447413,2.3047411,2.3247411,2.3747413,2.5547411,3.094741,3.6347413,4.004741,4.544741,5.0547414
6.184741,6.224741,6.234741,6.0947413,5.9447412,5.954741,5.9947414,5.894741,5.7647414,5.604741,5.374741,5.1747413,4.9947414,4.8047414,4.5747414,4.374741,4.2447414,4.0747414,3.8747413,3.604741,3.3747413,3.084741,2.6747413,2.2347412,1.8247412,1.6847413,1.4447412,0.8047412,0.25474122,-0.025258789,-0.6752588,-1.3252587,-1.6952587,-0.4552588,3.7447412,6.854741,6.4247413,4.334741,3.1447413,2.9347413,3.0147412,3.094741,3.1847413,3.1747413,3.084741,2.9347413,2.8047411,2.6847413,2.6747413,2.7047412,2.6147413,2.6747413,2.8847413,3.3847413,4.334741,5.2847414,5.8647413,6.2447414
6.5747414,6.5347414,6.524741,6.454741,6.394741,6.374741,6.294741,6.164741,6.064741,5.984741,5.8247414,5.644741,5.464741,5.2847414,5.124741,4.954741,4.7847414,4.644741,4.5347414,4.3447413,4.084741,3.8147411,3.5547411,3.2447412,2.7547412,2.2747412,2.0547411,1.7847412,1.2847412,0.7247412,-0.10525879,-0.8152588,-1.3852588,-2.1152587,-2.0752587,0.9047412,4.624741,5.874741,5.1747413,4.314741,3.9547412,3.7947412,3.7747412,3.584741,3.3947413,3.4347413,3.6247413,3.6347413,3.5547411,3.6247413,3.6247413,3.6347413,3.844741,4.314741,5.064741,5.894741,6.5747414,6.854741
6.8447413,6.754741,6.734741,6.724741,6.684741,6.604741,6.564741,6.474741,6.394741,6.3447413,6.234741,6.0947413,5.974741,5.834741,5.684741,5.4947414,5.3247414,5.184741,5.064741,4.974741,4.854741,4.664741,4.3847413,4.1147413,3.7647412,3.2447412,2.7347412,2.4347413,2.2847412,1.8247412,1.0347412,0.24474122,-0.4852588,-1.0452588,-1.8252587,-2.5052588,-1.0752587,2.604741,5.394741,6.234741,5.814741,5.1947412,4.7647414,4.474741,4.224741,4.184741,4.4447412,4.714741,4.854741,5.0147414,5.084741,5.104741,5.274741,5.524741,5.8247414,6.164741,6.524741,6.8247414
7.0747414,6.9447412,6.934741,6.954741,6.8847413,6.814741,6.8447413,6.714741,6.644741,6.6947412,6.664741,6.5947413,6.4947414,6.3647413,6.214741,6.044741,5.874741,5.7447414,5.6347413,5.5547414,5.5347414,5.454741,5.254741,4.984741,4.6947412,4.3247414,3.834741,3.2647412,2.9847412,2.8147411,2.4647412,1.8247412,0.9847412,0.21474122,-0.3152588,-0.9052588,-1.8052588,-1.9652588,0.21474122,3.7347412,6.0947413,6.6347413,6.3247414,5.9947414,5.584741,5.454741,5.6547413,5.934741,6.144741,6.274741,6.3247414,6.334741,6.394741,6.544741,6.6747413,6.714741,6.7847414,7.0147414
7.294741,7.144741,7.1147413,7.0947413,7.044741,7.044741,7.084741,6.954741,7.0147414,7.1147413,7.124741,7.064741,6.984741,6.874741,6.7447414,6.5947413,6.4447412,6.314741,6.214741,6.164741,6.144741,6.1347413,6.0747414,5.9247413,5.6747413,5.314741,4.964741,4.484741,3.9647412,3.5447412,3.4347413,3.2447412,2.7747412,2.084741,1.2947412,0.7347412,0.34474123,-0.2452588,-1.2252588,-1.2052588,1.2847412,4.6747413,6.714741,7.3447413,7.274741,7.124741,6.984741,6.974741,6.9947414,7.204741,7.294741,7.314741,7.294741,7.3047414,7.374741,7.434741,7.524741,7.684741
7.5347414,7.3847413,7.3647413,7.3247414,7.2847414,7.314741,7.3247414,7.2847414,7.434741,7.524741,7.524741,7.474741,7.4247413,7.3247414,7.224741,7.104741,6.984741,6.8647413,6.7647414,6.704741,6.704741,6.714741,6.734741,6.704741,6.604741,6.334741,6.0147414,5.644741,5.214741,4.684741,4.314741,4.164741,4.0747414,3.7847412,3.2647412,2.6447413,2.0447412,1.7047412,1.4447412,0.8447412,-0.03525879,0.13474122,2.3647413,5.3047414,7.484741,8.294742,8.344741,8.374742,8.304741,8.264741,8.224741,8.284741,8.284741,8.264741,8.264741,8.344741,8.474741,8.624742
7.834741,7.724741,7.6347413,7.5347414,7.584741,7.6147413,7.624741,7.704741,7.854741,7.894741,7.914741,7.8847413,7.834741,7.7647414,7.664741,7.5147414,7.3647413,7.214741,7.124741,7.0747414,7.0547414,7.0547414,7.124741,7.1747413,7.224741,7.1347413,6.964741,6.6547413,6.3647413,5.964741,5.5547414,5.164741,5.024741,4.9447412,4.774741,4.434741,4.0147414,3.5647411,3.1847413,3.0147412,2.9147413,2.4047413,1.6247412,1.6647412,3.4147413,5.9447412,8.074741,9.104741,9.264741,9.354741,9.474741,9.594741,9.574741,9.524741,9.484741,9.484741,9.604741,9.804741
8.1647415,8.074741,7.984741,7.9047413,7.934741,7.964741,7.984741,8.104741,8.224741,8.254742,8.264741,8.214741,8.104741,7.984741,7.8847413,7.814741,7.754741,7.754741,7.814741,7.834741,7.754741,7.6347413,7.6347413,7.6747413,7.7447414,7.7447414,7.734741,7.5947413,7.4247413,7.1147413,6.8447413,6.474741,6.184741,5.954741,5.8847413,5.8047414,5.6347413,5.354741,5.064741,4.7847414,4.5747414,4.504741,4.5147414,4.204741,3.6347413,3.4347413,4.604741,6.5547414,8.584742,9.724741,10.094741,10.314741,10.564741,10.894741,11.064741,11.074741,10.994741,11.064741
8.294742,8.194741,8.124742,8.134741,8.174741,8.144741,8.184741,8.314741,8.344741,8.314741,8.244741,8.174741,8.174741,8.224741,8.264741,8.224741,8.074741,7.9947414,7.984741,7.9447412,7.934741,7.984741,8.034741,8.094741,8.174741,8.244741,8.324741,8.334742,8.314741,8.214741,8.074741,7.794741,7.5547414,7.2447414,7.064741,6.914741,6.8847413,6.8047414,6.714741,6.524741,6.3847413,6.1947412,6.0747414,6.0747414,6.164741,6.0347414,5.664741,5.394741,5.9947414,7.3447413,9.044742,10.424741,11.094741,11.394741,11.744741,12.174741,12.384741,12.434741
8.394741,8.364741,8.374742,8.324741,8.314741,8.314741,8.314741,8.334742,8.304741,8.304741,8.314741,8.394741,8.444741,8.374742,8.354741,8.394741,8.424741,8.4547415,8.514741,8.554741,8.594741,8.654741,8.7047415,8.744741,8.754742,8.774741,8.854741,8.934741,9.024741,9.084742,9.094741,8.994741,8.854741,8.624742,8.424741,8.244741,8.114741,8.024741,8.014741,7.984741,7.9247413,7.8447413,7.7447414,7.6747413,7.5947413,7.644741,7.7647414,7.7847414,7.564741,7.334741,7.474741,8.344741,9.634741,11.034741,11.924741,12.494741,12.814741,13.124742
8.684741,8.644741,8.544742,8.344741,8.444741,8.524741,8.394741,8.294742,8.404741,8.4547415,8.444741,8.524741,8.564741,8.564741,8.614741,8.624742,8.644741,8.674741,8.714741,8.784741,8.874742,8.974741,9.104741,9.264741,9.434741,9.554741,9.624742,9.6647415,9.714741,9.794742,9.864741,9.924741,9.964741,9.924741,9.804741,9.644741,9.464741,9.314741,9.214741,9.134741,9.104741,9.134741,9.1647415,9.174741,9.124742,9.104741,9.084742,9.1647415,9.284741,9.404741,9.314741,9.074741,8.994741,9.364741,10.1647415,11.434741,12.624742,13.344741
9.124742,9.104741,9.084742,9.044742,9.014741,9.004742,8.994741,8.894741,8.834742,8.864741,8.9147415,8.974741,8.9547415,8.924741,8.864741,8.854741,8.884741,8.944741,9.044742,9.174741,9.334742,9.474741,9.614741,9.744741,9.874742,10.054741,10.274741,10.434741,10.554741,10.624742,10.684741,10.734741,10.794742,10.854741,10.884741,10.894741,10.834742,10.744741,10.614741,10.474741,10.324741,10.264741,10.274741,10.344741,10.4147415,10.444741,10.484741,10.484741,10.514741,10.594741,10.724741,10.814741,10.824741,10.674741,10.464741,10.504742,11.024741,11.894741
9.784741,9.744741,9.674741,9.634741,9.594741,9.514741,9.404741,9.304741,9.294742,9.334742,9.334742,9.284741,9.274741,9.304741,9.354741,9.314741,9.304741,9.294742,9.234741,9.244741,9.334742,9.504742,9.774741,10.054741,10.314741,10.504742,10.654741,10.804741,11.004742,11.214741,11.424741,11.574741,11.654741,11.714741,11.744741,11.824741,11.864741,11.874742,11.834742,11.784741,11.714741,11.574741,11.434741,11.404741,11.404741,11.4547415,11.524741,11.564741,11.584742,11.6647415,11.764741,11.874742,11.934741,11.994741,12.004742,11.904741,11.694741,11.484741
9.624742,9.304741,10.2047415,10.384741,10.344741,10.144741,9.994741,9.894741,9.684741,9.694741,9.764741,9.754742,9.554741,9.354741,9.444741,9.4147415,9.284741,9.224741,9.214741,9.474741,9.054741,9.464741,9.564741,9.224741,10.034741,10.354741,10.684741,11.014741,11.264741,11.4547415,11.674741,11.944741,12.224741,12.404741,12.514741,12.614741,12.714741,12.794742,12.824741,12.804741,12.794742,12.754742,12.644741,12.544742,12.484741,12.374742,12.284741,12.354741,12.434741,12.524741,12.604741,12.6647415,12.684741,12.734741,12.824741,12.874742,12.864741,12.734741
7.9247413,8.214741,8.474741,8.854741,8.854741,8.604741,8.314741,8.194741,7.9247413,8.074741,8.084742,8.154741,9.294742,8.434741,8.434741,8.744741,8.274741,8.574741,8.684741,8.614741,8.734741,8.834742,8.9547415,9.154741,10.304741,10.894741,10.9147415,11.184741,11.614741,11.9147415,12.2047415,12.364741,12.554741,12.844741,13.104741,13.284741,13.404741,13.524741,13.684741,13.784741,13.804741,13.734741,13.644741,13.564741,13.464741,13.364741,13.2047415,13.084742,13.014741,13.074741,13.184741,13.234741,13.244741,13.264741,13.294742,13.274741,13.354741,13.384741
8.274741,8.304741,8.4547415,8.624742,8.7047415,8.7047415,8.674741,8.514741,8.374742,8.404741,8.694741,8.814741,8.774741,9.004742,9.174741,9.294742,9.314741,9.4547415,9.574741,9.7047415,9.974741,9.544742,8.724741,9.2047415,10.054741,10.334742,11.134741,10.794742,10.614741,10.994741,11.284741,11.244741,11.354741,11.884741,12.854741,12.974741,13.614741,13.864741,14.054741,14.284741,14.504742,14.614741,14.634741,14.544742,14.394741,14.234741,14.084742,13.9147415,13.734741,13.624742,13.564741,13.474741,13.434741,13.494741,13.574741,13.594741,13.584742,13.614741
8.7047415,8.6647415,8.624742,8.6647415,8.764741,8.874742,8.944741,8.9547415,8.874742,8.834742,8.924741,9.194741,9.4147415,9.574741,9.654741,9.784741,9.624742,9.504742,9.614741,9.524741,9.424741,9.304741,9.884741,10.874742,11.364741,11.344741,11.384741,11.294742,11.234741,11.214741,11.124742,11.074741,11.224741,11.604741,11.814741,11.9147415,12.344741,12.184741,13.064741,14.154741,14.544742,14.734741,14.924741,15.044742,15.064741,14.994741,14.844741,14.684741,14.474741,14.254742,14.084742,13.9547415,13.784741,13.604741,13.484741,13.494741,13.614741,13.714741
9.174741,9.314741,9.474741,9.594741,9.744741,9.834742,9.884741,9.804741,9.644741,9.534741,9.4547415,9.444741,9.4547415,9.434741,9.514741,9.604741,9.814741,10.034741,10.104741,10.304741,10.534741,10.744741,11.014741,11.374742,11.654741,11.814741,11.404741,11.574741,11.884741,11.834742,11.554741,11.884741,12.104741,12.234741,12.364741,12.384741,12.424741,12.524741,12.964741,13.754742,14.944741,15.174741,15.254742,15.294742,15.324741,15.354741,15.294742,15.194741,15.024741,14.844741,14.614741,14.374742,14.214741,14.114741,13.934741,13.694741,13.524741,13.474741
9.424741,9.674741,9.874742,9.994741,10.114741,10.224741,10.304741,10.404741,10.574741,10.654741,10.624742,10.574741,10.624742,10.734741,11.014741,11.224741,11.384741,11.4147415,11.444741,11.474741,11.564741,11.6647415,11.764741,11.994741,12.114741,12.094741,12.4147415,12.444741,12.604741,12.824741,12.674741,12.814741,12.864741,12.854741,12.774741,12.7047415,12.844741,13.224741,13.334742,13.314741,13.494741,13.754742,15.004742,15.484741,15.644741,15.644741,15.584742,15.484741,15.374742,15.264741,15.124742,14.874742,14.584742,14.4147415,14.344741,14.244741,14.004742,13.674741
9.534741,9.824741,10.094741,10.244741,10.374742,10.474741,10.484741,10.494741,10.594741,10.7047415,10.854741,10.994741,11.054741,11.144741,11.264741,11.384741,11.544742,11.7047415,12.024741,12.384741,12.714741,12.844741,12.824741,12.844741,13.214741,13.094741,13.154741,13.404741,13.4147415,13.4547415,13.4547415,13.294742,13.144741,12.9547415,12.984741,13.034741,12.9547415,12.874742,13.364741,13.644741,13.744741,13.824741,13.9147415,14.004742,15.174741,15.744741,15.834742,15.774741,15.544742,14.994741,15.184741,15.064741,15.084742,14.9147415,14.684741,14.554741,14.444741,14.214741
