002/json-merging/data/a.json
{"header": {"discipline":0,"disciplineName":"Meteorological products","gribEdition":2,"gribLength":253400,"center":7,"centerName":"US National Weather Service - NCEP(WMC)","subcenter":0,"refTime":"2017-07-31T18:00:00.000Z","significanceOfRT":1,"significanceOfRTName":"Start of forecast","productStatus":0,"productStatusName":"Operational products","productType":1,"productTypeName":"Forecast products","productDefinitionTemplate":0,"productDefinitionTemplateName":"Analysis/forecast at horizontal level/layer at a point in time","parameterCategory":2,"parameterCategoryName":"Momentum","parameterNumber":2,"parameterNumberName":"U-component_of_wind","parameterUnit":"m.s-1","genProcessType":2,"genProcessTypeName":"Forecast","forecastTime":0,"surface1Type":103,"surface1TypeName":"Specified height level above ground","surface1Value":10.0,"surface2Type":255,"surface2TypeName":"Missing","surface2Value":0.0,"gridDefinitionTemplate":0,"gridDefinitionTemplateName":"Latitude_Longitude","numberPoints":259920,"shape":6,"shapeName":"Earth spherical with radius of 6,371,229.0 m","gridUnits":"degrees","resolution":48,"winds":"true","scanMode":0,"nx":720,"ny":361,"basicAngle":0,"lo1":0.0,"la1":90.0,"lo2":359.5,"la2":-90.0,"dx":0.5,"dy":0.5}, "data":
[rows 75 to 99 of 361, columns 290 to 347 of 720]
-2.0652587,-1.6752588,-1.2052588,-0.78525877,-0.6552588,-0.6852588,-0.49525878,-0.12525879,-0.015258789,0.014741211,0.35474122,0.8547412,1.2747412,1.1147412,0.5447412,0.13474122,0.13474122,0.52474123,0.8747412,0.8147412,0.5947412,0.6147412,0.9847412,0.31474122,0.4047412,0.3347412,1.4947412,2.4747412,1.3447412,1.3147413,1.0647413,0.9347412,1.2147412,1.5147412,1.6347412,1.5747412,1.3447412,1.4247413,1.8047413,2.1147413,2.1847413,2.1647413,2.2847412,2.6247413,2.6847413,2.584741,2.3847413,2.094741,1.9447412,1.9647412,2.084741,2.2047412,2.2947412,2.4147413,2.6447413,2.6747413,2.9447412,3.0647411
-2.2152588,-1.6752588,-1.2852588,-0.8452588,-0.4252588,-0.3152588,-0.3552588,-0.4552588,-0.5652588,-0.40525877,-0.15525879,0.03474121,0.08474121,-0.1952588,-0.60525876,-0.7652588,-0.6352588,-0.2652588,-0.065258786,-0.22525878,-0.49525878,-0.6452588,-0.22525878,0.004741211,0.8547412,1.8447412,2.2347412,1.5047412,0.6147412,1.2247412,1.8547412,1.8347412,1.7547412,1.7147412,1.5747412,1.3347412,1.2347412,1.5447412,1.7747412,1.8047413,1.9247413,2.1547413,2.2347412,2.2447412,2.0047412,1.7347412,1.5447412,1.3247412,1.2847412,1.2947412,1.3247412,1.3347412,1.4247413,1.5647413,1.7647412,2.0347412,2.2747412,2.4247413
-2.3252587,-1.8552588,-1.5252588,-1.5052588,-1.5152588,-1.4152588,-1.1852587,-1.1152588,-1.0752587,-0.9652588,-0.85525876,-0.7352588,-0.5752588,-0.6352588,-0.8652588,-0.9652588,-0.9252588,-0.8152588,-0.6852588,-0.7052588,-1.0952588,-1.2952588,-0.78525877,-1.1652588,1.3847412,2.7447412,1.8747412,2.0447412,2.604741,2.4947412,2.2747412,2.0247412,1.7847412,1.4147412,1.0647413,0.9747412,1.1747413,1.4047412,1.4347413,1.5047412,1.6347412,1.7647412,1.6047412,1.3347412,1.0047412,0.70474124,0.5147412,0.2947412,0.28474122,0.38474122,0.4647412,0.52474123,0.70474124,0.9747412,1.1747413,1.4147412,1.6947412,1.9647412
-1.5352588,-1.6152588,-1.5152588,-1.6852587,-1.9852588,-2.2052588,-2.1352587,-1.8952588,-1.6452588,-1.5352588,-1.5652587,-1.4252588,-0.9852588,-0.6452588,-0.5152588,-0.54525876,-0.6952588,-0.9352588,-1.0452588,-0.9652588,-1.1352588,-0.72525877,2.104741,3.6147413,2.7447412,1.5647413,1.9047412,2.7547412,2.6947412,2.3047411,2.3147411,2.1747413,1.6447412,1.1347412,0.8447412,0.7847412,1.0147412,1.0947412,0.9347412,1.0147412,1.0347412,0.7547412,0.23474121,-0.27525878,-0.5752588,-0.78525877,-0.8752588,-0.8252588,-0.72525877,-0.6552588,-0.7052588,-0.6352588,-0.5752588,-0.46525878,-0.11525879,0.3947412,0.70474124,1.0147412
-0.60525876,-0.8852588,-1.2452588,-1.4352587,-1.4852588,-1.5952588,-1.6352588,-1.5752587,-1.4852588,-1.1852587,-0.9852588,-1.0052588,-0.9352588,-0.6952588,-0.4252588,-0.27525878,-0.3152588,-0.49525878,-1.1152588,-1.7152588,-1.8252587,-1.1752588,1.9147412,5.294741,6.184741,5.8447413,4.894741,4.164741,3.7747412,3.6547413,3.4647412,2.5747411,1.5647413,1.0347412,0.7947412,0.70474124,0.4847412,0.15474121,0.05474121,-0.10525879,-0.54525876,-1.1952587,-1.7452588,-2.165259,-2.3152587,-2.2752588,-2.2852588,-2.3852587,-2.5552588,-2.7252588,-2.7152588,-2.6152587,-2.5852587,-2.4652588,-1.7352588,-0.8852588,-0.5152588,-0.21525879
-0.03525879,-0.27525878,-0.9452588,-1.1452588,-0.8952588,-0.53525877,-0.08525879,0.2647412,0.06474121,-0.17525879,-0.14525878,-0.1352588,-0.21525879,-0.1352588,0.12474121,0.4047412,0.6647412,0.7447412,0.4047412,0.4347412,0.8547412,1.4547412,0.9947412,0.96474123,2.594741,4.024741,4.5747414,4.564741,4.5347414,4.4247413,3.6247413,2.1247413,1.1247412,0.7347412,0.6047412,0.04474121,-0.7552588,-1.0752587,-1.4552588,-2.145259,-2.8052588,-3.3552587,-3.7852588,-3.9352589,-3.8152587,-3.9952588,-4.415259,-4.605259,-4.4052587,-4.185259,-3.9452589,-3.8352587,-3.8352587,-3.4452589,-2.4352589,-1.6952587,-1.5152588,-1.1252588
0.5547412,-0.15525879,-0.9452588,-1.1652588,-0.85525876,-0.3852588,0.20474121,0.6047412,0.4847412,0.20474121,-0.015258789,-0.05525879,0.074741215,0.2947412,0.4947412,0.6947412,1.0847412,1.5047412,1.8447412,2.1247413,2.594741,3.0347412,2.8847413,1.7547412,1.0647413,1.5547413,2.4547412,2.9847412,3.334741,2.9347413,1.7047412,0.6747412,0.38474122,0.3347412,-0.3452588,-1.4252588,-1.8952588,-2.3852587,-3.2452588,-4.145259,-4.8852587,-5.2552586,-5.285259,-5.435259,-6.415259,-7.475259,-7.585259,-6.875259,-6.275259,-5.995259,-5.9252586,-6.2552586,-5.8052588,-4.2552586,-2.8852587,-2.3852587,-2.1852589,-1.9152588
0.35474122,0.11474121,-0.5652588,-1.1952587,-1.2052588,-1.0452588,-0.9452588,-0.8452588,-0.8152588,-0.78525877,-0.6552588,-0.54525876,-0.3852588,-0.07525879,0.2247412,0.6047412,1.1647412,1.7047412,2.2147412,2.5347412,2.1547413,2.2847412,3.2547412,3.2547412,2.7247412,2.8847413,3.2047412,2.6647413,1.6647412,0.44474122,-0.4752588,-0.72525877,-0.4752588,-0.7452588,-1.8652588,-2.4952588,-2.8252587,-3.7252588,-4.6952586,-5.525259,-6.0752587,-6.395259,-7.3652587,-8.885259,-9.865259,-9.855259,-9.595259,-9.685259,-9.675259,-8.765259,-8.5452585,-9.035259,-7.935259,-6.065259,-4.8852587,-4.415259,-3.8352587,-3.2552588
-0.49525878,-0.17525879,-0.08525879,-0.5152588,-0.8052588,-0.78525877,-0.6952588,-0.5152588,-0.4252588,-0.3252588,0.04474121,0.6047412,0.8247412,0.7847412,0.8247412,1.1247412,1.6747413,2.094741,2.2447412,2.5147412,2.5247412,2.1447413,1.9847412,1.6447412,1.6247412,2.1647413,2.1447413,1.2047412,-0.36525878,-1.5052588,-1.5352588,-1.3352588,-1.5952588,-2.2152588,-2.7152588,-3.0752587,-3.7252588,-4.815259,-5.5052586,-6.085259,-6.8852587,-8.0452585,-9.415258,-10.565259,-10.855259,-11.135259,-11.945259,-12.075259,-10.565259,-9.215259,-10.115259,-10.535259,-8.985259,-7.065259,-5.775259,-5.265259,-4.8052588,-4.4052587
-1.7252588,-1.5352588,-0.8752588,-0.6452588,-0.8352588,-0.7352588,-0.36525878,-0.09525879,0.03474121,0.10474121,0.5047412,1.6147412,2.7147412,3.0147412,2.594741,1.9447412,1.7647412,1.9547412,1.9047412,2.0747411,2.4247413,2.2347412,1.6847413,0.9947412,0.8047412,0.8747412,0.2647412,-0.5952588,-1.8252587,-2.0952587,-1.5552588,-1.7052588,-2.4452589,-2.6752589,-2.8652587,-3.5752587,-4.3452587,-5.0552588,-5.415259,-5.995259,-7.1352587,-8.065259,-8.705258,-9.515259,-9.935259,-10.385259,-10.275259,-7.8252587,-5.995259,-7.8252587,-9.845259,-9.615259,-7.9652586,-6.335259,-5.3652587,-5.1752586,-5.1352587,-5.0052586
-2.5552588,-2.6252587,-1.9652588,-1.4452587,-1.6152588,-1.4552588,-0.9352588,-0.66525877,-0.78525877,-1.0052588,-0.78525877,0.20474121,1.1847413,1.4647412,1.2047412,0.8647412,0.89474124,1.2247412,1.2447412,1.2447412,1.3347412,1.1347412,0.7247412,0.2647412,-0.10525879,-0.6552588,-1.1452588,-1.2152588,-1.7652588,-1.9852588,-2.0552588,-2.2152588,-2.4552588,-2.4852588,-2.7452588,-3.4252589,-3.905259,-4.375259,-4.705259,-5.275259,-6.125259,-6.5952587,-7.105259,-7.5952587,-7.8052588,-8.655259,-7.315259,-4.435259,-6.915259,-9.605259,-9.255259,-8.305259,-7.085259,-6.1952586,-5.7352586,-5.475259,-5.3052588,-5.0552588
-3.0252588,-3.1052587,-2.7552588,-2.3152587,-2.2452588,-2.0252588,-1.5752587,-1.1252588,-1.0252588,-1.2852588,-1.2852588,-0.7652588,-0.23525879,0.074741215,0.38474122,0.4647412,0.3047412,0.2247412,0.13474122,0.02474121,-0.1352588,-0.3452588,-0.6152588,-0.8352588,-1.0652587,-1.7652588,-2.0552588,-1.4652588,-1.5552588,-2.0852587,-2.3252587,-2.0152588,-2.2652588,-2.5752587,-2.6752589,-2.6852589,-2.7652588,-3.3252587,-3.895259,-4.3452587,-4.6952586,-4.775259,-4.765259,-4.955259,-4.9652586,-5.285259,-3.665259,-4.8652587,-9.015259,-9.375258,-8.425259,-7.7552586,-7.145259,-6.605259,-5.9452586,-5.515259,-5.435259,-5.3052588
-3.1752589,-3.0352588,-2.9552588,-2.895259,-2.8452587,-2.7752588,-2.6252587,-2.1252587,-1.2952588,-1.3752588,-1.9752588,-1.6652588,-1.2052588,-0.78525877,-0.30525878,-0.15525879,-0.3752588,-0.7052588,-0.9052588,-0.9552588,-1.0652587,-1.2752588,-1.5552588,-1.6352588,-1.7852588,-2.4552588,-2.405259,-1.7452588,-2.0152588,-2.1852589,-1.8852588,-1.7552588,-2.2752588,-2.4552588,-2.165259,-1.9352587,-1.8952588,-2.5652587,-3.165259,-3.3452587,-3.2252588,-2.9952588,-3.2052588,-3.6352587,-4.1352587,-3.9652588,-3.8652587,-7.225259,-9.165258,-8.875258,-8.195259,-7.4452586,-7.1352587,-6.915259,-6.2552586,-5.5552588,-5.4252586,-5.4852586
-3.8252587,-3.5852587,-3.3452587,-3.3352587,-3.5052588,-3.5252588,-3.155259,-2.7352588,-1.7952588,-1.7952588,-1.4552588,-1.6652588,-1.9952588,-1.8152587,-1.4052588,-1.1052588,-1.1052588,-1.3352588,-1.4652588,-1.4852588,-1.4952588,-1.6352588,-1.8252587,-2.0352588,-2.2852588,-2.4252589,-2.0352588,-2.0252588,-2.2352588,-1.9152588,-1.6552588,-1.9952588,-2.4652588,-2.145259,-1.5152588,-1.3752588,-1.3752588,-1.8552588,-2.1152587,-1.9552588,-1.5452588,-2.0152588,-2.895259,-3.645259,-4.015259,-3.7152588,-5.855259,-8.365259,-8.775259,-8.655259,-8.245258,-8.065259,-7.9052587,-7.455259,-6.6552587,-5.785259,-5.565259,-5.5952587
-3.5552588,-3.6952589,-3.8852587,-3.5052588,-2.7752588,-2.395259,-2.0652587,-2.3852587,-2.6852589,-3.9652588,-3.3352587,-3.2452588,-3.0552588,-2.7852588,-2.4952588,-2.165259,-1.8152587,-1.7152588,-1.6852587,-1.6152588,-1.6352588,-1.7852588,-1.8452588,-1.9752588,-2.1752589,-2.2052588,-2.155259,-2.165259,-1.8552588,-1.4852588,-1.5552588,-2.0952587,-2.6252587,-2.155259,-1.3552588,-1.0552588,-1.0752587,-1.2052588,-1.0052588,-0.6952588,-0.66525877,-1.3552588,-2.9652588,-4.1552587,-3.8652587,-5.085259,-7.935259,-8.855259,-9.145259,-8.845259,-9.065259,-9.475259,-8.825259,-7.935259,-7.1752586,-6.275259,-6.0552588,-6.0552588
-1.3552588,-1.6752588,-2.0652587,-2.5752587,-2.6152587,-2.1752589,-2.4552588,-3.8052588,-4.275259,-4.4652586,-4.4252586,-4.495259,-4.265259,-3.7952588,-3.2552588,-2.8352587,-2.5652587,-2.3252587,-2.0652587,-1.6852587,-1.3252587,-1.3252587,-1.5752587,-1.8452588,-1.8252587,-2.0152588,-2.1352587,-1.5952588,-1.2852588,-1.4252588,-1.7252588,-2.2752588,-2.7252588,-2.2052588,-1.2752588,-0.6452588,-0.39525878,-0.36525878,-0.2652588,-0.07525879,0.17474121,-0.53525877,-2.9452589,-3.7452588,-4.705259,-7.3252587,-9.165258,-9.145259,-9.075259,-10.285259,-11.0452585,-10.8352585,-9.475259,-8.345259,-7.6952586,-6.8652587,-6.415259,-6.395259
-0.025258789,-0.9252588,-1.1952587,-2.2552588,-3.145259,-4.8052588,-5.0952587,-4.5052586,-4.2352586,-4.4252586,-4.9252586,-5.265259,-5.0952587,-4.7552586,-4.185259,-3.4352589,-2.9952588,-2.6852589,-2.2652588,-1.8552588,-1.2652588,-0.9052588,-1.0452588,-1.4052588,-1.5652587,-2.0052588,-1.9452587,-1.0452588,-0.97525877,-1.3252587,-1.7252588,-2.1952589,-2.2852588,-1.7452588,-1.0152588,-0.2452588,0.28474122,0.47474122,0.64474124,1.2247412,2.0247412,0.18474121,-2.7052588,-3.2452588,-5.245259,-8.115259,-9.275259,-6.605259,-7.3252587,-11.505259,-12.495258,-11.675259,-9.895259,-8.675259,-8.165258,-7.2552586,-6.585259,-6.5052586
-0.60525876,-1.1552588,-1.2452588,-1.4052588,-2.1152587,-2.8552587,-3.9252589,-4.7152586,-4.955259,-4.6152587,-4.585259,-5.4852586,-5.995259,-5.5052586,-4.725259,-4.035259,-3.655259,-3.165259,-2.3352587,-1.8152587,-1.4752588,-1.0452588,-0.66525877,-0.8152588,-1.3252587,-1.9152588,-1.8752588,-1.2152588,-1.4552588,-1.9552588,-1.8552588,-1.9752588,-1.8052588,-0.9652588,-0.46525878,0.17474121,0.9147412,1.4547412,1.7747412,2.5747411,3.354741,0.6547412,-1.6452588,-2.6152587,-4.9852586,-7.795259,-6.265259,-3.165259,-7.765259,-10.3352585,-10.895259,-11.425259,-9.695259,-8.765259,-8.425259,-7.545259,-6.7552586,-6.515259
-1.1352588,-2.4652588,-2.9452589,-2.8252587,-2.8552587,-3.0952587,-3.2452588,-3.2552588,-3.7452588,-4.045259,-3.8552587,-4.6152587,-6.105259,-5.875259,-5.145259,-4.5052586,-4.0052586,-3.5952587,-2.665259,-1.7552588,-1.3952588,-1.0952588,-0.60525876,-0.6552588,-1.4452587,-2.145259,-2.145259,-1.5552588,-1.6752588,-1.8852588,-1.6152588,-1.8252587,-1.8452588,-0.8252588,0.03474121,0.7247412,1.4847412,1.9247413,2.094741,3.0347412,3.4847412,1.1547412,-0.5052588,-1.8852588,-4.035259,-4.7352586,-2.5652587,-4.5752587,-8.0852585,-7.9052587,-9.115259,-9.895259,-9.155259,-8.725259,-8.135259,-7.5952587,-7.045259,-6.6752586
-2.4652588,-4.1352587,-4.4452586,-4.495259,-4.025259,-3.895259,-3.8152587,-3.4452589,-2.9852588,-2.5052588,-2.3052588,-2.2952588,-3.1052587,-4.0052586,-4.4652586,-4.315259,-3.9352589,-3.655259,-2.9752588,-2.0852587,-1.5352588,-1.3352588,-1.0352588,-1.0452588,-1.5352588,-1.8452588,-1.8352588,-1.5552588,-1.8052588,-1.3652588,-1.2452588,-1.6052588,-1.9552588,-1.4752588,-0.18525879,0.6047412,1.1047412,1.4647412,2.0647411,3.0347412,3.2147412,1.5047412,0.34474123,-0.4152588,-1.3452588,-2.0852587,-3.405259,-5.6152587,-6.815259,-7.665259,-8.095259,-8.485259,-8.8352585,-8.2952585,-7.5552588,-7.395259,-7.145259,-6.765259
-6.495259,-6.9852586,-7.145259,-7.105259,-6.3652587,-5.8452587,-5.3852587,-4.6952586,-4.085259,-3.9252589,-4.1352587,-4.125259,-3.6052587,-3.7052588,-4.085259,-3.9852588,-3.5452588,-3.4452589,-3.3152587,-3.0552588,-2.8052588,-2.3852587,-1.7652588,-1.5552588,-1.5552588,-1.3452588,-1.3752588,-1.5252588,-1.7352588,-0.9052588,-0.9852588,-1.1852587,-1.5152588,-1.7852588,-1.0152588,-0.27525878,0.38474122,1.3747412,1.9147412,2.4547412,2.5647411,1.7847412,1.2847412,1.3147413,1.6547412,-0.20525879,-3.2252588,-4.785259,-6.335259,-7.5952587,-7.5952587,-7.795259,-8.495258,-7.9052587,-7.205259,-7.1152587,-6.975259,-6.5952587
-8.515259,-8.165258,-7.815259,-7.705259,-7.5752587,-7.455259,-7.0752587,-5.935259,-5.3052588,-5.395259,-5.525259,-5.1752586,-4.775259,-4.875259,-4.745259,-4.4852586,-4.145259,-3.8052588,-3.5352588,-3.2052588,-3.0752587,-2.8352587,-2.1352587,-1.9152588,-1.7452588,-1.3152587,-1.0552588,-1.3952588,-1.4452587,-0.7452588,-1.0152588,-0.85525876,-1.0852588,-1.9652588,-1.7152588,-1.0052588,-0.23525879,0.3947412,0.4347412,0.9247412,1.5447412,1.9847412,2.0447412,2.7047412,3.5647411,1.3047413,-2.2552588,-4.125259,-5.665259,-7.0752587,-7.375259,-7.4052587,-8.165258,-7.8652587,-7.165259,-6.975259,-6.955259,-6.565259
-5.835259,-6.025259,-6.415259,-6.8252587,-6.8452587,-7.3852587,-7.6752586,-7.065259,-6.585259,-6.3852587,-5.9252586,-5.565259,-5.8852587,-5.6152587,-4.8452587,-5.185259,-5.435259,-4.8652587,-4.3652587,-4.065259,-3.7952588,-3.2852588,-2.4952588,-2.0252588,-1.9352587,-1.4752588,-0.8652588,-1.1652588,-0.9552588,-0.6352588,-0.9652588,-1.0252588,-1.5852588,-2.0052588,-1.7252588,-1.5052588,-1.9452587,-2.145259,-1.4252588,-0.23525879,0.7947412,1.9347413,2.7447412,3.8847413,4.6147413,2.7247412,-0.91525877,-3.3052588,-4.765259,-6.0752587,-6.625259,-6.995259,-7.9852586,-8.095259,-7.4652586,-6.9252586,-6.795259,-6.5752587
-3.4652588,-3.7952588,-3.4352589,-3.4852588,-4.335259,-4.9652586,-5.475259,-6.395259,-6.8052588,-6.5052586,-6.335259,-6.475259,-6.9052587,-5.3452587,-3.3852587,-3.415259,-3.5452588,-3.5752587,-3.5752587,-3.8352587,-4.0052586,-3.665259,-3.0952587,-2.2452588,-1.8352588,-1.1952587,-0.5252588,-0.8652588,-0.3852588,-0.015258789,-0.5552588,-0.8152588,-1.6152588,-1.9552588,-2.0852587,-1.9352587,-1.1852587,-1.4952588,-2.1252587,-1.3052588,0.5047412,2.3247411,3.2447412,4.144741,4.774741,3.5347412,0.2947412,-2.1352587,-4.065259,-5.335259,-5.765259,-6.475259,-7.515259,-7.8852587,-7.5052586,-6.895259,-6.705259,-6.455259
-4.6152587,-4.9052587,-3.5652587,-1.0852588,1.1147412,1.0847412,-1.0852588,-2.4852588,-2.9252589,-4.3452587,-5.855259,-5.5552588,-5.475259,-4.4252586,-2.0652587,-0.5052588,-0.22525878,-0.6952588,-0.30525878,-0.05525879,-0.9452588,-2.3652587,-3.1052587,-2.6852589,-1.9152588,-0.5652588,0.15474121,-0.22525878,0.12474121,0.5647412,0.23474121,-0.30525878,-1.2952588,-1.9952588,-2.895259,-3.1852589,-1.6152588,0.6247412,1.3947412,0.25474122,0.34474123,1.9947412,2.9947412,3.6747413,4.274741,3.6747413,1.0347412,-1.3652588,-3.5352588,-4.745259,-5.225259,-5.9252586,-6.685259,-7.3452587,-7.225259,-6.8252587,-6.7152586,-6.355259
