002/json-merging/data/b.json
{"header": {"discipline":0,"disciplineName":"Meteorological products","gribEdition":2,"gribLength":248731,"center":7,"centerName":"US National Weather Service - NCEP(WMC)","subcenter":0,"refTime":"2017-07-31T18:00:00.000Z","significanceOfRT":1,"significanceOfRTName":"Start of forecast","productStatus":0,"productStatusName":"Operational products","productType":1,"productTypeName":"Forecast products","productDefinitionTemplate":0,"productDefinitionTemplateName":"Analysis/forecast at horizontal level/layer at a point in time","parameterCategory":2,"parameterCategoryName":"Momentum","parameterNumber":3,"parameterNumberName":"V-component_of_wind","parameterUnit":"m.s-1","genProcessType":2,"genProcessTypeName":"Forecast","forecastTime":0,"surface1Type":103,"surface1TypeName":"Specified height level above ground","surface1Value":10.0,"surface2Type":255,"surface2TypeName":"Missing","surface2Value":0.0,"gridDefinitionTemplate":0,"gridDefinitionTemplateName":"Latitude_Longitude","numberPoints":259920,"shape":6,"shapeName":"Earth spherical with radius of 6,371,229.0 m","gridUnits":"degrees","resolution":48,"winds":"true","scanMode":0,"nx":720,"ny":361,"basicAngle":0,"lo1":0.0,"la1":90.0,"lo2":359.5,"la2":-90.0,"dx":0.5,"dy":0.5}, "data":
[rows 78 to 103 of 361, columns 420 to 479 of 720]
-3.9283838,-4.1883836,-4.138384,-3.368384,-2.1483839,-1.0083838,-0.4283838,-0.3983838,-0.7083838,-1.1083838,-0.3083838,2.7416162,5.021616,5.6016164,5.981616,6.341616,6.441616,6.321616,6.281616,6.421616,6.4916162,6.4516163,6.301616,6.0616164,5.781616,5.591616,5.501616,5.4716163,5.3716164,5.231616,5.071616,4.8716164,4.361616,3.4316163,2.631616,2.4516163,2.4516163,1.9716163,0.8516162,-0.3983838,-1.7683837,-3.0483837,-3.9183838,-4.2783837,-2.8383837,-0.74838376,0.4716162,0.6116162,-0.08838379,-0.5683838,-0.7783838,-0.8183838,-0.5283838,-0.47838378,-0.6483838,-1.2783837,-2.2083838,-2.9683838,-3.118384,-2.368384
-3.0283837,-2.8283837,-2.2583838,-1.0983838,0.20161621,1.1316162,1.6316162,1.6916162,1.2216163,0.20161621,0.88161623,4.7416162,7.941616,8.481616,8.191616,7.861616,7.5816164,7.321616,7.1816163,7.111616,6.8916163,6.761616,6.7416162,6.711616,6.711616,6.671616,6.5616164,6.341616,6.031616,5.6816163,5.3516164,5.001616,4.4516163,3.6716163,2.7616162,1.8716162,1.6316162,1.9316162,1.4616162,-0.05838379,-1.6983838,-3.3183837,-4.998384,-5.288384,-2.9983838,-1.7183838,-1.6583838,-1.1983838,-1.0883838,-0.73838377,-0.21838379,-0.048383787,-0.34838378,-0.4083838,-0.6083838,-0.9183838,-1.6383837,-2.4783838,-2.9583838,-2.4783838
-1.8083838,-1.8783838,-1.5383838,-0.6583838,0.07161621,0.27161622,0.2816162,0.9516162,1.8916162,2.1116161,2.6016161,4.511616,7.211616,9.261616,9.861616,9.491616,8.871616,8.421617,8.221616,8.091617,7.711616,7.321616,7.151616,7.0816164,7.0416164,6.9316163,6.781616,6.6016164,6.3316164,6.001616,5.571616,4.961616,4.191616,3.2216163,2.5416162,1.8416162,0.9016162,0.6416162,1.0916162,0.5216162,-1.4083838,-3.5283837,-5.448384,-6.808384,-5.408384,-2.6383839,-1.8183838,-2.0583837,-2.118384,-2.348384,-2.2583838,-0.3383838,0.2816162,-0.38838378,-0.7183838,-0.3683838,0.15161622,-1.0983838,-1.7483838,-1.9683838
-0.01838379,0.2816162,0.6716162,1.1516162,1.2716162,0.76161623,-0.01838379,0.021616211,1.6916162,3.3616161,4.091616,4.941616,6.481616,8.561616,10.011616,10.491616,10.071616,9.521616,9.081616,8.781616,8.451616,8.061616,7.821616,7.651616,7.521616,7.3716164,7.091616,6.771616,6.341616,5.9516163,5.571616,4.961616,4.1616163,3.2416162,2.1016161,1.1116163,0.4216162,-0.08838379,-0.34838378,-0.06838379,-0.5983838,-2.6483839,-4.538384,-5.888384,-6.6483836,-6.078384,-4.0683837,-1.3183838,-0.20838378,-0.5883838,-1.8483838,-2.8883839,-0.9583838,0.57161623,1.7616162,1.6516162,1.0116162,0.18161622,-1.0083838,-1.4683838
1.2716162,1.2316163,0.9716162,0.9716162,1.7216163,2.3316162,1.8816162,1.1316162,1.8916162,3.9316163,4.9716163,5.461616,6.4316163,8.021616,9.4616165,10.381617,10.571616,10.161616,9.681616,9.331616,9.011616,8.691616,8.341617,8.151616,7.9316163,7.651616,7.3316164,6.9916162,6.571616,6.021616,5.4516163,4.8516164,4.001616,3.0516162,2.0116162,0.6116162,-0.5683838,-0.9383838,-1.3783838,-1.6683838,-1.2383838,-1.4283838,-3.2183838,-4.7083836,-5.428384,-5.808384,-6.288384,-5.3983836,-2.2983837,0.2616162,-0.38838378,-1.8383838,-2.1883838,-2.9483838,-0.5283838,0.36161622,-0.23838378,-0.7783838,-0.86838377,-1.0883838
1.9816163,2.2816162,2.2116163,1.4616162,0.7216162,1.4616162,2.8716161,3.0816162,2.9816163,4.131616,5.531616,6.171616,6.6816163,7.611616,8.861616,9.911616,10.651616,10.581616,10.141616,9.671617,9.261616,8.981616,8.651616,8.471616,8.161616,7.781616,7.441616,7.1016164,6.7216163,6.2216163,5.531616,4.731616,3.901616,2.7916162,1.5916162,0.3516162,-1.0183837,-1.8083838,-2.0583837,-2.4283838,-2.598384,-2.2283838,-2.4083838,-3.6783838,-4.908384,-5.538384,-5.828384,-5.828384,-5.598384,-3.7983837,-0.7183838,1.0716162,0.39161623,-0.6283838,-1.1783838,-0.6683838,0.3216162,0.7316162,0.07161621,0.18161622
2.141616,2.4616163,2.8016162,2.7316163,1.8316162,1.1416162,1.9716163,3.4116163,3.9216163,4.461616,5.6816163,6.571616,7.031616,7.671616,8.521616,9.691616,10.791616,10.901616,10.441616,9.9616165,9.551617,9.271616,9.0016165,8.691616,8.371616,7.9316163,7.531616,7.171616,6.731616,6.2016163,5.5616164,4.731616,3.7616162,2.7016163,1.4616162,0.2816162,-0.67838377,-1.6383837,-2.3083837,-2.7183838,-3.2383838,-3.4683838,-3.0583837,-3.2683837,-4.3983836,-5.4183836,-5.948384,-6.1283836,-6.078384,-5.4583836,-4.4583836,-1.7483838,-1.1283838,-0.6883838,-1.3783838,-1.9983838,-0.05838379,0.3416162,0.14161621,0.7416162
2.7816162,2.8216162,3.0716162,3.1016161,2.6916163,1.7316163,1.5316162,2.6916163,3.8716161,4.5616164,5.4516163,6.481616,7.0816164,7.7916164,8.611616,9.741616,10.9616165,11.191616,10.781616,10.281616,9.891616,9.641616,9.401616,8.9616165,8.431616,8.061616,7.611616,7.211616,6.7216163,6.1816163,5.511616,4.711616,3.7416162,2.5816162,1.4016162,0.2916162,-0.6983838,-1.5683838,-2.348384,-3.1883838,-3.8283837,-3.9883838,-3.6683838,-3.6683838,-4.3783836,-5.308384,-6.038384,-6.4183836,-6.6683836,-6.7083836,-6.848384,-2.858384,1.1316162,2.2816162,0.9616162,-1.8783838,-0.8583838,0.17161621,0.03161621,-0.09838379
3.4316163,3.0416162,2.8216162,3.0616162,3.141616,2.3716161,1.8016162,2.2916162,3.4316163,4.401616,5.261616,6.1416163,6.9316163,7.8916163,8.821616,9.911616,11.071616,11.291616,11.091617,10.641616,10.101616,9.801617,9.551617,9.061616,8.531616,8.081616,7.6016164,7.1816163,6.711616,6.191616,5.551616,4.7416162,3.7316163,2.5316162,1.2316163,0.03161621,-1.0283837,-1.9383838,-2.6883838,-3.5283837,-4.058384,-4.118384,-3.9883838,-4.1083837,-4.558384,-5.518384,-6.308384,-6.5083838,-7.058384,-7.3183837,-7.1683836,-4.4383836,0.07161621,1.0816162,-0.67838377,-2.1983838,-1.2483838,-0.3783838,-0.8383838,-0.8183838
3.5816162,2.7616162,2.641616,4.171616,4.151616,3.0216162,2.4116163,2.5016162,3.3216162,4.321616,5.071616,5.841616,6.771616,7.881616,8.901616,10.021616,11.051617,11.321616,11.291616,10.911616,10.231616,9.891616,9.571616,9.011616,8.351616,7.9916162,7.591616,7.1616163,6.711616,6.2016163,5.531616,4.711616,3.6816163,2.4116163,1.0016162,-0.24838379,-1.3883837,-2.3383837,-3.0583837,-3.5583837,-3.8283837,-3.8883839,-3.9783838,-4.328384,-4.8983836,-5.7083836,-6.308384,-6.8183837,-7.6083837,-7.788384,-7.328384,-6.3183837,-2.5883837,-1.2983838,-2.4583838,-1.8583838,-0.74838376,0.40161622,0.4716162,-0.9183838
2.9816163,2.8716161,3.641616,5.381616,4.651616,3.5016162,2.881616,2.9116163,3.5216162,4.281616,4.801616,5.551616,6.521616,7.531616,8.831616,10.091617,11.151616,11.421617,11.431616,11.061616,10.401616,9.881617,9.311616,8.591617,8.091617,7.9116163,7.6216164,7.191616,6.751616,6.231616,5.521616,4.631616,3.5316162,2.1616163,0.6816162,-0.5883838,-1.7983838,-2.7183838,-3.3983839,-3.8283837,-4.038384,-4.0683837,-4.3183837,-4.888384,-5.538384,-6.238384,-6.888384,-7.538384,-8.008384,-8.468384,-8.178384,-8.078383,-3.4283838,-1.8683838,-3.108384,-1.1883838,0.5316162,1.5916162,1.2616162,-0.17838378
2.391616,2.8416162,3.391616,4.361616,4.2216163,3.6816163,3.1116161,3.0916162,3.6616163,4.2016163,4.531616,5.281616,6.281616,7.191616,8.601616,10.031616,11.031616,11.451616,11.491616,11.091617,10.4616165,9.781616,8.861616,8.141616,7.961616,7.9516163,7.691616,7.191616,6.711616,6.151616,5.381616,4.441616,3.2716162,1.7716162,0.2616162,-1.0783838,-2.3083837,-3.1483839,-3.7183838,-4.1083837,-4.328384,-4.468384,-4.9183836,-5.638384,-6.328384,-6.948384,-7.578384,-8.108384,-8.628384,-9.098384,-9.238384,-9.488384,-3.6983838,-1.9083838,-2.9183838,-0.6883838,0.63161623,1.0416162,0.5816162,-0.7583838
2.3416162,2.6016161,2.9816163,3.8216162,4.0816164,3.6716163,3.0616162,3.0716162,3.6616163,4.0616164,4.3116164,5.051616,6.021616,6.9716163,8.511616,10.031616,11.0016165,11.411616,11.481616,11.011616,10.271616,9.591617,8.591617,7.8316164,7.9716163,8.191616,7.761616,7.111616,6.5416164,5.8916163,5.0816164,4.111616,2.8516161,1.3116162,-0.20838378,-1.5883838,-2.6683838,-3.4083838,-3.9683838,-4.4183836,-4.768384,-5.0883837,-5.768384,-6.368384,-6.788384,-7.328384,-7.9183836,-8.428384,-9.118383,-10.028384,-10.178384,-10.268384,-3.5583837,-1.4183838,-3.5583837,-1.4783838,-0.4883838,0.5416162,-1.0483838,-2.6883838
2.1216161,2.1916163,2.4516163,3.3316162,3.9416163,3.5716162,2.9816163,3.1116161,3.6716163,3.8716161,4.091616,4.841616,5.821616,7.011616,8.841617,10.071616,10.761616,11.171617,11.401616,10.871616,9.991616,9.381617,8.541616,7.8916163,8.381617,8.481616,7.651616,6.8716164,6.251616,5.501616,4.671616,3.651616,2.3216162,0.7816162,-0.7283838,-2.0183837,-2.9883838,-3.6983838,-4.348384,-4.868384,-5.408384,-5.888384,-6.388384,-6.808384,-7.1483836,-7.718384,-8.258384,-9.118383,-10.158383,-10.708384,-10.408383,-9.438384,-2.4183838,-2.098384,-3.6283839,-0.7183838,0.3816162,-0.07838379,-1.4483838,-1.0883838
1.3516163,1.6416162,1.8516163,2.881616,3.8416162,3.5516162,3.0616162,3.141616,3.4816163,3.4716163,3.7916162,4.671616,5.7016163,7.4716163,9.511616,10.141616,10.481616,11.021616,11.301617,10.651616,9.821616,9.191616,8.781616,8.701616,8.871616,8.341617,7.441616,6.611616,5.821616,5.0416164,4.1816163,3.1216161,1.7516162,0.21161622,-1.2383838,-2.4483838,-3.3983839,-4.1683836,-4.8983836,-5.5483837,-6.1283836,-6.658384,-6.928384,-7.2583838,-7.5883837,-8.128384,-8.858384,-9.818384,-10.518384,-10.378384,-10.098384,-8.298384,-1.8583838,-2.3783839,-2.1383839,-0.8283838,0.3516162,1.0016162,-0.67838377,-0.25838378
1.0216162,1.1816162,1.2416162,2.6016161,3.651616,3.141616,2.651616,2.8616161,3.1716163,3.0516162,3.6216161,4.591616,5.7016163,8.4616165,10.541616,10.5016165,10.641616,11.111616,11.121616,10.411616,9.891616,9.301617,8.881617,8.971616,8.641616,7.7416162,6.841616,6.1016164,5.361616,4.5816164,3.7016163,2.5716162,1.1916162,-0.31838378,-1.7283838,-2.9083838,-3.858384,-4.6883836,-5.5083838,-6.178384,-6.718384,-7.098384,-7.3183837,-7.728384,-8.168384,-8.7483835,-9.528384,-9.988384,-10.158383,-10.098384,-10.228384,-7.7783837,-1.7683837,-1.9283838,-1.5483838,-0.8183838,1.1716162,1.9616162,1.5616162,0.121616215
1.5816162,0.9516162,0.6116162,2.401616,3.2416162,2.5116162,2.2916162,2.881616,2.8116162,2.5116162,3.5416162,4.6016164,6.3116164,9.971616,11.481616,10.891616,10.861616,11.491616,11.091617,10.2116165,9.881617,9.471616,9.131617,8.641616,7.7916164,6.9916162,6.321616,5.6816163,4.9316163,4.111616,3.2216163,2.0516162,0.6516162,-0.8583838,-2.2383838,-3.4083838,-4.3983836,-5.288384,-6.0483837,-6.658384,-7.1483836,-7.478384,-7.728384,-8.178384,-8.668384,-9.268384,-9.768384,-9.968384,-10.448383,-10.678384,-11.808384,-6.4583836,-1.2583838,-1.3383838,-0.8883838,0.4416162,1.6216162,0.2816162,-0.74838376,-0.6383838
0.39161623,-0.6883838,0.5516162,2.881616,2.7616162,2.0516162,2.4916162,3.0316162,2.1916163,2.151616,3.8416162,4.941616,7.4516163,11.371616,11.811616,10.731616,11.241616,11.641616,10.7116165,9.931616,9.631617,9.281616,8.801617,7.921616,7.2216163,6.6616163,6.0416164,5.3116164,4.511616,3.6816163,2.7116163,1.5016162,0.07161621,-1.4383838,-2.8083837,-3.9883838,-4.948384,-5.768384,-6.498384,-7.0483837,-7.4583836,-7.788384,-8.098384,-8.628384,-9.008384,-9.518384,-9.878384,-10.2883835,-11.278384,-11.868383,-13.278384,-5.748384,0.27161622,-0.8883838,-0.6583838,0.3216162,0.8916162,0.20161621,-0.02838379,-1.1783838
-0.8583838,0.0016162109,2.3516161,2.9816163,2.0216162,1.9916162,2.9316163,2.651616,1.3916162,2.5816162,4.5616164,5.381616,9.0016165,12.031616,10.991616,10.141616,10.911616,11.021616,10.061616,9.651616,9.401616,8.691616,7.841616,7.1616163,6.841616,6.461616,5.821616,5.011616,4.1416163,3.2416162,2.2416162,0.9616162,-0.5483838,-2.0383837,-3.3383837,-4.4583836,-5.388384,-6.138384,-6.828384,-7.288384,-7.7083836,-8.068384,-8.408383,-8.808384,-9.278384,-9.718384,-10.188384,-10.838384,-11.528384,-11.548384,-11.368383,-4.238384,0.4216162,-0.35838377,0.3816162,0.5216162,-0.21838379,-0.8383838,0.05161621,-0.17838378
-0.47838378,0.7816162,1.7616162,1.5616162,1.6016163,2.4816163,2.9416163,1.4316162,1.1116163,3.6816163,5.1016164,6.731616,10.921617,11.801617,10.141616,9.641616,10.481616,10.381617,9.601616,9.351616,8.981616,8.2516165,7.3116164,6.901616,6.6416163,6.2916164,5.6816163,4.861616,4.021616,2.9316163,1.7216163,0.3716162,-1.1683838,-2.618384,-3.8183837,-4.808384,-5.658384,-6.4383836,-7.058384,-7.4583836,-7.8983836,-8.218384,-8.518384,-9.008384,-9.528384,-9.988384,-10.568384,-10.9983835,-10.458384,-9.268384,-7.2983837,-3.4083838,0.3416162,0.4716162,-0.25838378,-1.5283837,-0.3283838,-1.2483838,-1.4583838,-0.25838378
-0.25838378,0.5616162,0.9716162,1.0316162,1.5916162,2.7016163,1.8616163,0.2916162,2.2316163,4.9116163,6.4116163,9.791616,12.151616,10.811616,8.981616,9.591617,10.581616,9.851616,9.241616,9.061616,8.261616,7.4916162,7.1416163,6.9116163,6.6016164,6.211616,5.6216164,4.7216163,3.7516162,2.4816163,1.1716162,-0.2683838,-1.7483838,-3.0683837,-4.178384,-5.138384,-5.908384,-6.6283836,-7.248384,-7.6883836,-8.098384,-8.348384,-8.628384,-9.208384,-9.728384,-10.178384,-10.618383,-10.138384,-8.858384,-7.6683836,-4.0483837,-2.098384,0.061616212,0.2916162,0.4116162,-0.1983838,-1.0183837,-2.4983838,-0.5983838,2.0016162
0.021616211,0.6116162,0.4416162,0.4116162,1.2216163,1.2116162,-0.008383789,1.6616162,4.6616163,5.8316164,8.101616,11.171617,11.471616,9.391616,8.561616,10.241616,10.051617,9.231616,8.971616,8.721616,7.921616,7.131616,7.0616164,6.9916162,6.731616,6.301616,5.511616,4.4516163,3.131616,1.7616162,0.4216162,-0.98838377,-2.3783839,-3.5883837,-4.5483837,-5.428384,-6.198384,-6.9183836,-7.4383836,-7.868384,-8.2483835,-8.458384,-8.708384,-9.228384,-9.668384,-10.0383835,-10.048384,-9.128384,-8.268384,-6.428384,-2.9983838,-0.6983838,0.3416162,-0.07838379,-0.28838378,-0.048383787,-0.7183838,0.3816162,1.2416162,1.2116162
0.121616215,0.33161622,0.3216162,0.6616162,0.57161623,-0.23838378,1.3016162,4.281616,5.1016164,7.031616,10.271616,11.321616,10.301617,8.421617,9.361616,10.111616,9.021616,8.881617,8.731616,8.5016165,7.6016164,7.1816163,7.171616,7.1216164,6.671616,6.001616,4.9716163,3.7116163,2.2816162,0.9116162,-0.38838378,-1.7283838,-2.9883838,-4.0683837,-4.9583836,-5.8183837,-6.478384,-7.178384,-7.6283836,-7.978384,-8.338384,-8.558384,-8.7483835,-9.018384,-9.168384,-9.2483835,-9.0383835,-8.618383,-8.128384,-5.8183837,-2.7883837,1.6516162,1.9316162,0.50161624,-0.5183838,-0.41838378,0.30161622,0.1616162,-1.2183838,-1.6383837
-0.31838378,-0.17838378,0.021616211,0.121616215,-0.67838377,0.021616211,3.0716162,4.2416162,5.8116164,9.451616,10.931616,10.351616,8.931616,9.231616,10.221616,8.991616,8.651616,8.731616,8.581616,8.321616,7.571616,7.1216164,6.901616,6.771616,6.3716164,5.4516163,4.1816163,2.7716162,1.3516163,0.08161621,-1.1483837,-2.3883839,-3.5183837,-4.468384,-5.328384,-6.038384,-6.8383837,-7.2983837,-7.6683836,-7.9383836,-8.2483835,-8.458384,-8.578383,-8.458384,-8.398384,-8.298384,-8.2483835,-8.348384,-7.598384,-5.388384,-1.7983838,1.8916162,2.1916163,0.57161623,0.6116162,-0.2983838,2.0416162,1.0416162,0.061616212,-0.9583838
-1.0083838,-0.6383838,-0.61838377,-1.3083838,-1.1583838,1.5616162,3.3616161,4.761616,8.441616,10.521616,10.071616,9.281616,9.381617,9.861616,8.941616,8.351616,8.671617,8.511616,8.271616,8.041616,7.421616,6.551616,6.341616,6.231616,5.6816163,4.691616,3.3016162,1.8816162,0.5916162,-0.5783838,-1.7983838,-2.9583838,-3.9683838,-4.8183837,-5.6283836,-6.268384,-6.8783836,-7.328384,-7.6483836,-7.8783836,-8.168384,-8.238384,-8.078383,-7.7983837,-7.678384,-7.448384,-7.468384,-7.428384,-6.348384,-4.7783837,-1.8083838,1.9016162,2.9416163,0.43161622,0.50161624,-0.8583838,-0.7683838,1.7516162,0.3716162,-0.20838378
-1.0783838,-1.2883838,-2.0883837,-1.8083838,0.7716162,2.401616,3.5216162,7.281616,9.861616,9.7116165,9.311616,9.671617,9.841617,8.721616,8.071616,8.081616,8.181616,7.981616,7.9516163,7.6616163,6.8716164,5.9516163,6.011616,5.9316163,4.9916162,3.8516161,2.4816163,1.2016162,0.05161621,-1.1283838,-2.358384,-3.4283838,-4.348384,-5.138384,-5.848384,-6.5083838,-7.0083838,-7.368384,-7.6083837,-7.7783837,-7.7983837,-7.728384,-7.5483837,-7.3583837,-7.178384,-6.8183837,-6.7783837,-6.538384,-5.3783836,-4.228384,-2.098384,1.0816162,3.2716162,2.9116163,0.4816162,-0.03838379,-0.4383838,0.76161623,0.121616215,-0.17838378
