002/json-merging/data/b.json
{"header": {"discipline":0,"disciplineName":"Meteorological products","gribEdition":2,"gribLength":248731,"center":7,"centerName":"US National Weather Service - NCEP(WMC)","subcenter":0,"refTime":"2017-07-31T18:00:00.000Z","significanceOfRT":1,"significanceOfRTName":"Start of forecast","productStatus":0,"productStatusName":"Operational products","productType":1,"productTypeName":"Forecast products","productDefinitionTemplate":0,"productDefinitionTemplateName":"Analysis/forecast at horizontal level/layer at a point in time","parameterCategory":2,"parameterCategoryName":"Momentum","parameterNumber":3,"parameterNumberName":"V-component_of_wind","parameterUnit":"m.s-1","genProcessType":2,"genProcessTypeName":"Forecast","forecastTime":0,"surface1Type":103,"surface1TypeName":"Specified height level above ground","surface1Value":10.0,"surface2Type":255,"surface2TypeName":"Missing","surface2Value":0.0,"gridDefinitionTemplate":0,"gridDefinitionTemplateName":"Latitude_Longitude","numberPoints":259920,"shape":6,"shapeName":"Earth spherical with radius of 6,371,229.0 m","gridUnits":"degrees","resolution":48,"winds":"true","scanMode":0,"nx":720,"ny":361,"basicAngle":0,"lo1":0.0,"la1":90.0,"lo2":359.5,"la2":-90.0,"dx":0.5,"dy":0.5}, "data":
[rows 312 to 337 of 361, columns 600 to 659 of 720]
-2.2283838,-1.7583838,-0.9483838,-0.05838379,0.6616162,1.1816162,1.5616162,1.8416162,2.0516162,2.3016162,2.6816163,3.1016161,3.4716163,3.8016162,4.1616163,4.591616,5.0816164,5.611616,6.0816164,6.521616,6.901616,7.1616163,7.3916163,7.571616,7.731616,7.921616,8.141616,8.391616,8.661616,8.9616165,9.261616,9.511616,9.671617,9.681616,9.611616,9.561616,9.541616,9.551617,9.4616165,9.191616,8.891616,8.641616,8.381617,8.0016165,7.611616,7.231616,6.961616,6.8116164,6.6616163,6.521616,6.321616,6.151616,5.981616,5.821616,5.8116164,5.611616,5.421616,5.281616,5.2416162,5.361616
-2.0683837,-1.5483838,-0.7783838,-0.01838379,0.5416162,0.9816162,1.3916162,1.7316163,2.0016162,2.2416162,2.5516162,2.891616,3.2316163,3.5616162,3.901616,4.2216163,4.551616,4.8916163,5.271616,5.631616,6.131616,6.6016164,6.9516163,7.1816163,7.261616,7.3516164,7.3516164,7.4916162,7.8116164,8.221616,8.641616,8.981616,9.171617,9.201616,9.171617,9.131617,9.101616,9.101616,9.051617,8.991616,8.801617,8.371616,8.011616,7.631616,7.1616163,6.6216164,6.211616,6.011616,5.9716163,5.8716164,5.8516164,5.761616,5.611616,5.551616,5.3516164,5.2216163,5.1016164,5.0816164,5.131616,5.3116164
-2.4683838,-1.7083838,-0.9383838,-0.25838378,0.33161622,0.8516162,1.3016162,1.7016162,2.0216162,2.2516162,2.5116162,2.8016162,3.1016161,3.4116163,3.7416162,4.031616,4.271616,4.511616,4.771616,4.961616,5.211616,5.501616,5.821616,6.131616,6.381616,6.5816164,6.751616,6.9116163,7.111616,7.461616,7.821616,8.2116165,8.481616,8.611616,8.621616,8.591617,8.561616,8.561616,8.571616,8.541616,8.481616,8.311616,8.011616,7.631616,7.1816163,6.6616163,6.1416163,5.711616,5.6016164,5.5816164,5.611616,5.611616,5.551616,5.4316163,5.251616,5.071616,4.901616,4.761616,4.751616,4.8316164
-2.4183838,-1.8183838,-1.1583838,-0.4683838,0.20161621,0.7816162,1.2916162,1.7016162,2.0316162,2.3116162,2.6716163,3.0016162,3.2216163,3.3616161,3.5716162,3.8016162,4.021616,4.211616,4.3516164,4.501616,4.691616,4.9316163,5.191616,5.4316163,5.6416163,5.881616,6.151616,6.4916162,6.691616,6.841616,7.051616,7.3916163,7.7416162,7.9516163,8.081616,8.131617,8.111616,8.011616,7.861616,7.6216164,7.4116163,7.3916163,7.551616,7.521616,7.271616,6.941616,6.5416164,6.031616,5.6416163,5.361616,5.2916164,5.251616,5.211616,5.131616,5.011616,4.8516164,4.6216164,4.3916163,4.171616,4.011616
-2.7483838,-2.118384,-1.4083838,-0.6583838,0.08161621,0.76161623,1.3416162,1.7816162,2.1116161,2.3716161,2.641616,2.9116163,3.0716162,3.2016163,3.3316162,3.5016162,3.7316163,3.9716163,4.151616,4.2916164,4.401616,4.511616,4.691616,4.901616,5.1016164,5.271616,5.4316163,5.651616,5.8316164,5.941616,6.091616,6.461616,6.9116163,7.2416162,7.4116163,7.4316163,7.4316163,7.4116163,7.271616,7.011616,6.7016163,6.551616,6.4916162,6.5416164,6.711616,6.781616,6.5616164,6.1816163,5.8716164,5.531616,5.3116164,5.131616,4.9716163,4.821616,4.651616,4.461616,4.231616,3.9716163,3.6816163,3.3416162
-3.4983838,-2.8383837,-1.9783838,-1.0383838,-0.11838379,0.7216162,1.3816162,1.8616163,2.2216163,2.4816163,2.7616162,2.9916162,3.141616,3.2616162,3.3516161,3.4416163,3.5516162,3.7116163,3.881616,4.031616,4.151616,4.251616,4.3516164,4.4916162,4.671616,4.841616,4.981616,5.1216164,5.2916164,5.441616,5.531616,5.6216164,5.821616,6.2016163,6.4716163,6.631616,6.771616,6.8716164,6.841616,6.6816163,6.421616,6.191616,6.011616,5.8316164,5.711616,5.731616,5.881616,5.961616,5.901616,5.6616163,5.441616,5.251616,5.1216164,4.961616,4.781616,4.5616164,4.3116164,4.0616164,3.7816162,3.4716163
-4.308384,-3.6383839,-2.7483838,-1.6983838,-0.5783838,0.4416162,1.2416162,1.7916162,2.1816163,2.4916162,2.8116162,3.0916162,3.2716162,3.381616,3.4516163,3.4816163,3.5116162,3.5616162,3.641616,3.7516162,3.8416162,3.9116163,3.9816163,4.0616164,4.191616,4.3516164,4.4916162,4.6216164,4.771616,4.961616,5.131616,5.261616,5.3916163,5.6216164,5.8916163,6.131616,6.321616,6.441616,6.4316163,6.341616,6.2216163,6.0416164,5.821616,5.5616164,5.281616,5.111616,5.111616,5.1616163,5.2416162,5.281616,5.2416162,5.111616,4.961616,4.8916163,4.771616,4.6216164,4.441616,4.231616,4.011616,3.7616162
-5.0483837,-4.448384,-3.5683837,-2.5183837,-1.3483838,-0.16838379,0.8116162,1.5616162,2.1016161,2.5316162,2.9416163,3.2316163,3.3716161,3.4316163,3.4516163,3.4616163,3.4716163,3.4916162,3.5316162,3.5716162,3.6116161,3.6716163,3.7116163,3.7416162,3.8016162,3.901616,3.9916162,4.091616,4.2016163,4.3316164,4.501616,4.691616,4.881616,5.1016164,5.301616,5.571616,5.801616,6.001616,6.031616,5.921616,5.821616,5.761616,5.6416163,5.421616,5.071616,4.771616,4.6216164,4.651616,4.761616,4.8316164,4.8116164,4.7216163,4.6216164,4.521616,4.421616,4.2916164,4.131616,3.9616163,3.7716162,3.5816162
-5.178384,-4.9183836,-4.428384,-3.5183837,-2.2683837,-0.86838377,0.4416162,1.4616162,2.1916163,2.7116163,3.141616,3.3616161,3.4416163,3.4416163,3.4316163,3.4116163,3.401616,3.401616,3.401616,3.4116163,3.4316163,3.4316163,3.4716163,3.5116162,3.5416162,3.5816162,3.641616,3.7216163,3.8116162,3.9216163,4.051616,4.191616,4.3516164,4.5616164,4.761616,4.8916163,5.091616,5.301616,5.4916162,5.441616,5.3516164,5.2416162,5.131616,4.921616,4.7016163,4.4516163,4.1816163,4.111616,4.171616,4.271616,4.321616,4.2916164,4.231616,4.111616,4.021616,3.9316163,3.8116162,3.6616163,3.4716163,3.2716162
-3.598384,-4.1883836,-4.238384,-3.5183837,-2.1383839,-0.5683838,0.8116162,1.8116162,2.4616163,2.9916162,3.3416162,3.4916162,3.5116162,3.4816163,3.4516163,3.4116163,3.3516161,3.3116162,3.2716162,3.2516162,3.2216163,3.2016163,3.2016163,3.2216163,3.2316163,3.2616162,3.3116162,3.381616,3.4416163,3.5116162,3.6016161,3.7316163,3.8416162,3.9716163,4.1216164,4.301616,4.481616,4.6216164,4.7016163,4.7216163,4.761616,4.7016163,4.5416164,4.271616,4.0416164,3.8016162,3.5816162,3.4516163,3.4716163,3.5916162,3.7216163,3.7416162,3.6816163,3.6016161,3.5216162,3.4216163,3.3016162,3.1616163,3.0516162,2.901616
-3.9283838,-3.6383839,-3.4083838,-2.7183838,-1.4983838,-0.07838379,1.1316162,2.0116162,2.7016163,3.2516162,3.6016161,3.7316163,3.7616162,3.7516162,3.7416162,3.7216163,3.6716163,3.5816162,3.4816163,3.3616161,3.2316163,3.1016161,3.0116162,2.9516163,2.901616,2.891616,2.9316163,2.9916162,3.0316162,3.0516162,3.0816162,3.1916163,3.3016162,3.401616,3.4916162,3.641616,3.7516162,3.8416162,3.881616,3.8716161,3.8716161,3.9316163,3.9216163,3.7716162,3.5516162,3.2816162,2.9216163,2.6016161,2.4816163,2.6216161,2.8716161,3.0616162,3.0916162,3.0416162,2.9716163,2.8716161,2.7516162,2.6216161,2.5016162,2.391616
-2.2183838,-2.4683838,-2.2783837,-1.6283838,-0.61838377,0.5216162,1.5416162,2.381616,3.131616,3.641616,3.9216163,4.071616,4.2016163,4.301616,4.3716164,4.381616,4.3516164,4.211616,3.9916162,3.7516162,3.4916162,3.2316163,3.0016162,2.8216162,2.6816163,2.631616,2.6216161,2.6216161,2.5816162,2.5516162,2.5516162,2.5916162,2.6716163,2.7716162,2.8616161,2.9316163,3.0016162,3.0716162,3.1216161,3.1216161,3.1016161,3.0816162,3.0716162,3.1016161,2.9416163,2.8016162,2.4316163,1.9416162,1.6116163,1.5616162,1.7716162,2.0416162,2.2316163,2.3516161,2.4116163,2.391616,2.3116162,2.1816163,2.0516162,1.9316162
-1.1983838,-1.0883838,-0.6383838,0.15161622,1.0716162,1.8816162,2.5416162,3.1616163,3.7116163,4.131616,4.4116163,4.611616,4.731616,4.841616,4.8716164,4.841616,4.7416162,4.611616,4.4316163,4.1816163,3.9316163,3.6716163,3.3716161,3.0616162,2.7616162,2.5316162,2.381616,2.2516162,2.1716163,2.131616,2.1116161,2.1216161,2.1816163,2.2516162,2.3316162,2.391616,2.4116163,2.4316163,2.4316163,2.4316163,2.4116163,2.3616161,2.4316163,2.4316163,2.3516161,2.1816163,1.8516163,1.3616163,0.8916162,0.6716162,0.7216162,0.9316162,1.2016162,1.4416162,1.6216162,1.7116162,1.7416162,1.7116162,1.6516162,1.5616162
-2.118384,-0.9783838,0.20161621,1.2116162,2.0216162,2.7016163,3.4416163,4.1216164,4.671616,4.9516163,5.051616,5.0816164,5.111616,5.151616,5.151616,5.0816164,4.981616,4.801616,4.611616,4.381616,4.1416163,3.881616,3.5916162,3.2316163,2.9116163,2.6216161,2.381616,2.151616,1.9916162,1.8816162,1.8216162,1.8116162,1.8416162,1.8816162,1.8716162,1.8616163,1.8116162,1.7816162,1.7416162,1.7416162,1.7416162,1.7216163,1.7016162,1.6716162,1.5516162,1.3416162,0.9316162,0.39161623,-0.13838379,-0.4283838,-0.44838378,-0.23838378,0.10161621,0.4716162,0.7816162,0.9916162,1.1116163,1.1616162,1.1616162,1.1416162
-0.08838379,0.4216162,1.5616162,2.8416162,3.9416163,4.7916164,5.361616,5.671616,5.6816163,5.6616163,5.551616,5.4316163,5.3916163,5.3516164,5.281616,5.171616,5.031616,4.861616,4.671616,4.481616,4.281616,4.0416164,3.8016162,3.5416162,3.2916162,3.0516162,2.7816162,2.5116162,2.2116163,1.9916162,1.7116162,1.5616162,1.4816163,1.4416162,1.3816162,1.3116162,1.2516162,1.2016162,1.1716162,1.1516162,1.1116163,1.0516162,0.94161624,0.7716162,0.51161623,0.11161621,-0.3983838,-0.92838377,-1.3683838,-1.5983838,-1.5683838,-1.3283838,-0.9483838,-0.5083838,-0.10838379,0.21161622,0.43161622,0.5616162,0.6216162,0.6416162
2.7216163,4.4316163,5.671616,6.3316164,6.481616,6.3916163,6.171616,5.9716163,5.901616,5.7916164,5.7016163,5.6416163,5.5616164,5.4516163,5.3116164,5.171616,5.011616,4.8316164,4.651616,4.481616,4.3116164,4.171616,4.031616,3.8616161,3.7116163,3.5216162,3.3216162,2.9916162,2.5516162,2.0816162,1.6516162,1.3516163,1.1816162,1.0616162,0.9616162,0.8716162,0.8016162,0.7316162,0.6616162,0.5516162,0.39161623,0.1916162,-0.02838379,-0.28838378,-0.5883838,-0.9383838,-1.3183838,-1.7183838,-2.0383837,-2.2083838,-2.1983838,-2.0083838,-1.6983838,-1.3283838,-0.9483838,-0.6083838,-0.3283838,-0.13838379,-0.008383789,0.08161621
6.3116164,7.781616,8.281616,8.091617,7.551616,6.9516163,6.4716163,6.211616,6.1016164,6.031616,5.9116163,5.771616,5.6216164,5.461616,5.301616,5.151616,4.981616,4.8116164,4.631616,4.4716163,4.341616,4.2016163,4.0616164,3.9816163,3.9316163,3.8516161,3.651616,3.2916162,2.8016162,2.2716162,1.7916162,1.4516162,1.1716162,0.9316162,0.7416162,0.5816162,0.43161622,0.2416162,0.061616212,-0.12838379,-0.3083838,-0.47838378,-0.61838377,-0.7683838,-0.9183838,-1.1283838,-1.3783838,-1.6583838,-1.9283838,-2.0883837,-2.1583838,-2.0883837,-1.9383838,-1.7083838,-1.4483838,-1.1983838,-0.9783838,-0.7983838,-0.6383838,-0.4883838
8.2516165,8.481616,8.2116165,7.801616,7.421616,7.1216164,6.8716164,6.7016163,6.481616,6.251616,6.031616,5.821616,5.631616,5.461616,5.2916164,5.1016164,4.9116163,4.7216163,4.5416164,4.381616,4.211616,4.091616,4.011616,3.9916162,3.9916162,3.9616163,3.7816162,3.391616,2.7816162,2.1216161,1.4616162,0.8016162,0.33161622,0.08161621,0.011616211,-0.008383789,-0.08838379,-0.1983838,-0.3083838,-0.4083838,-0.4983838,-0.6083838,-0.7283838,-0.8583838,-0.99838376,-1.1383837,-1.2983838,-1.4683838,-1.6383837,-1.7783837,-1.8683838,-1.8883837,-1.8483838,-1.7483838,-1.6183838,-1.4683838,-1.3383838,-1.1783838,-0.9383838,-0.5883838
6.2416162,6.8916163,7.1616163,7.131616,7.0616164,6.9716163,6.8716164,6.7416162,6.591616,6.401616,6.2016163,6.001616,5.771616,5.5616164,5.3316164,5.0816164,4.8316164,4.591616,4.3916163,4.211616,4.0816164,3.9816163,3.9216163,3.8616161,3.7816162,3.6616163,3.4216163,3.0316162,2.4716163,1.7616162,0.8516162,-0.06838379,-0.74838376,-1.1383837,-1.2783837,-1.3583838,-1.2983838,-1.2183838,-1.0983838,-0.9483838,-0.8483838,-0.8183838,-0.8483838,-0.9383838,-1.0383838,-1.1383837,-1.2483838,-1.3683838,-1.4983838,-1.5983838,-1.6783838,-1.7083838,-1.7283838,-1.7283838,-1.6983838,-1.6283838,-1.4383838,-1.0583838,-0.4583838,0.23161621
5.6816163,5.861616,6.031616,6.1616163,6.271616,6.4116163,6.881616,6.8916163,6.821616,6.711616,6.531616,6.281616,6.001616,5.7016163,5.4516163,5.151616,4.8516164,4.591616,4.3516164,4.151616,3.9816163,3.8316162,3.6616163,3.4316163,3.151616,2.8516161,2.6216161,2.4116163,2.2416162,1.9916162,1.5916162,1.0716162,0.50161624,-0.07838379,-0.6283838,-1.0483838,-1.3183838,-1.4883838,-1.5483838,-1.5383838,-1.4583838,-1.3883837,-1.3083838,-1.3283838,-1.3883837,-1.4183838,-1.4483838,-1.5083838,-1.5583838,-1.6183838,-1.7083838,-1.7883838,-1.8683838,-1.8883837,-1.7883838,-1.4983838,-0.9583838,-0.28838378,0.2816162,0.4216162
5.1816163,5.361616,5.511616,5.651616,5.781616,5.921616,6.051616,6.1816163,6.281616,6.361616,6.4116163,6.4116163,6.571616,6.4316163,6.1016164,5.731616,5.321616,4.9516163,4.5816164,4.191616,3.8016162,3.391616,2.9316163,2.4916162,2.0916162,1.7816162,1.5216162,1.3616163,1.2816162,1.2116162,1.1016163,0.9316162,0.69161624,0.39161623,0.021616211,-0.3683838,-0.7283838,-1.0283837,-1.2883838,-1.4983838,-1.6583838,-1.7283838,-1.7983838,-1.8583838,-1.8983837,-1.9383838,-1.9783838,-2.0083838,-2.0483837,-2.118384,-2.1583838,-2.1283839,-1.9683838,-1.6783838,-1.2083838,-0.6983838,-0.3383838,-0.35838377,-0.8983838,-1.9583838
4.481616,4.631616,4.7916164,4.9716163,5.151616,5.341616,5.511616,5.671616,5.801616,5.8916163,5.9516163,5.9916162,6.021616,6.011616,6.011616,5.861616,5.571616,5.251616,4.7016163,4.131616,3.4216163,2.6216161,1.8816162,1.2916162,0.7916162,0.4416162,0.2616162,0.22161621,0.23161621,0.22161621,0.15161622,0.021616211,-0.13838379,-0.31838378,-0.5283838,-0.74838376,-0.9783838,-1.2183838,-1.4183838,-1.6183838,-1.7683837,-1.8483838,-1.8583838,-1.8383838,-1.7783837,-1.7483838,-1.7783837,-1.8583838,-1.9683838,-2.0883837,-2.1583838,-2.1583838,-2.0883837,-2.0383837,-2.1483839,-2.5383837,-3.1783838,-3.9983838,-4.828384,-5.4583836
3.6216161,3.8316162,4.1016164,4.4116163,4.7016163,4.9716163,5.171616,5.3116164,5.4116163,5.501616,5.5616164,5.611616,5.611616,5.5816164,5.481616,5.3316164,5.051616,4.731616,4.3116164,3.8116162,3.2316163,2.6216161,1.9316162,1.2016162,0.5616162,0.09161621,-0.2283838,-0.44838378,-0.5983838,-0.7183838,-0.8183838,-0.8783838,-0.9183838,-0.92838377,-0.9683838,-1.0283837,-1.0983838,-1.1483837,-1.1683838,-1.1283838,-1.0083838,-0.8383838,-0.6483838,-0.5183838,-0.5083838,-0.6883838,-1.0083838,-1.3983837,-1.7683837,-2.0483837,-2.2383838,-2.358384,-2.4483838,-2.4983838,-2.5883837,-2.7883837,-3.108384,-3.5283837,-3.9583838,-4.348384
2.901616,3.2016163,3.5216162,3.8516161,4.1616163,4.3916163,4.591616,4.751616,4.881616,5.001616,5.1216164,5.211616,5.251616,5.2216163,5.1016164,4.941616,4.691616,4.401616,3.9816163,3.4216163,2.6816163,1.7216163,0.6716162,-0.25838378,-0.8783838,-1.1483837,-1.1483837,-0.99838376,-0.7983838,-0.6283838,-0.5183838,-0.47838378,-0.5483838,-0.6883838,-0.86838377,-1.0083838,-1.0583838,-0.9483838,-0.67838377,-0.3083838,0.07161621,0.3516162,0.4416162,0.3116162,-0.02838379,-0.47838378,-0.9783838,-1.4283838,-1.8083838,-2.098384,-2.2983837,-2.4683838,-2.7383838,-2.9983838,-3.0483837,-3.0483837,-3.0783837,-3.2883837,-3.7083838,-4.248384
2.3416162,2.631616,2.9216163,3.2016163,3.4416163,3.6716163,3.8716161,4.0616164,4.211616,4.341616,4.401616,4.4316163,4.4516163,4.4516163,4.4516163,4.401616,4.211616,3.7616162,3.0016162,1.9316162,0.7116162,-0.3683838,-0.9783838,-0.9583838,-0.3983838,0.5616162,1.7416162,3.0016162,4.191616,5.1616163,5.7416162,5.801616,5.4316163,4.7016163,3.631616,2.4716163,1.3916162,0.4816162,-0.12838379,-0.3983838,-0.34838378,-0.13838379,0.07161621,0.14161621,0.0016162109,-0.31838378,-0.67838377,-0.92838377,-0.98838377,-0.8583838,-0.6683838,-0.5183838,-0.47838378,-0.5983838,-0.8383838,-1.0983838,-1.3283838,-1.5283837,-1.6983838,-1.8283838
1.9516162,2.141616,2.3316162,2.4916162,2.631616,2.7416162,2.8416162,2.9216163,2.9816163,3.0216162,3.0616162,3.131616,3.3016162,3.5716162,3.8616161,4.021616,3.8416162,3.2416162,2.2316163,1.0316162,-0.048383787,-0.7583838,-0.99838376,-0.8183838,-0.4883838,-0.25838378,-0.2283838,-0.2983838,-0.25838378,0.11161621,0.8716162,1.9116162,3.0416162,3.9916162,4.521616,4.4916162,3.9916162,3.2116163,2.3116162,1.3716162,0.5216162,-0.15838379,-0.6383838,-0.9383838,-1.1383837,-1.3083838,-1.5283837,-1.8283838,-2.2583838,-2.7883837,-3.358384,-3.8183837,-4.138384,-4.2983837,-4.328384,-4.2783837,-4.228384,-4.248384,-4.3583837,-4.5083838
