002/json-merging/data/b.json
{"header": {"discipline":0,"disciplineName":"Meteorological products","gribEdition":2,"gribLength":248731,"center":7,"centerName":"US National Weather Service - NCEP(WMC)","subcenter":0,"refTime":"2017-07-31T18:00:00.000Z","significanceOfRT":1,"significanceOfRTName":"Start of forecast","productStatus":0,"productStatusName":"Operational products","productType":1,"productTypeName":"Forecast products","productDefinitionTemplate":0,"productDefinitionTemplateName":"Analysis/forecast at horizontal level/layer at a point in time","parameterCategory":2,"parameterCategoryName":"Momentum","parameterNumber":3,"parameterNumberName":"V-component_of_wind","parameterUnit":"m.s-1","genProcessType":2,"genProcessTypeName":"Forecast","forecastTime":0,"surface1Type":103,"surface1TypeName":"Specified height level above ground","surface1Value":10.0,"surface2Type":255,"surface2TypeName":"Missing","surface2Value":0.0,"gridDefinitionTemplate":0,"gridDefinitionTemplateName":"Latitude_Longitude","numberPoints":259920,"shape":6,"shapeName":"Earth spherical with radius of 6,371,229.0 m","gridUnits":"degrees","resolution":48,"winds":"true","scanMode":0,"nx":720,"ny":361,"basicAngle":0,"lo1":0.0,"la1":90.0,"lo2":359.5,"la2":-90.0,"dx":0.5,"dy":0.5}, "data":
[rows 208 to 233 of 361, columns 600 to 659 of 720]
0.4416162,-1.3983837,-1.5183837,-1.1483837,-1.8383838,-1.1683838,-0.8483838,-0.6883838,0.1316162,0.50161624,0.9316162,0.8516162,0.2516162,-0.34838378,-0.5383838,0.11161621,0.5816162,1.1016163,0.9916162,0.11161621,-0.21838379,-0.02838379,0.1316162,0.43161622,0.6516162,1.2716162,2.0216162,0.8316162,0.43161622,0.7316162,1.2116162,1.4616162,1.2516162,0.51161623,0.011616211,0.10161621,0.03161621,0.6016162,-0.09838379,1.2516162,1.4716163,1.3316162,2.651616,5.4716163,5.501616,5.151616,5.2216163,5.4116163,5.8716164,5.2916164,4.071616,3.7816162,3.5516162,3.1716163,3.2516162,3.3216162,3.2516162,3.151616,3.141616,3.0616162
-0.6283838,-1.0783838,-2.098384,-1.1183838,0.0016162109,-0.4383838,-0.24838379,0.5916162,0.8016162,0.4116162,0.3816162,0.4416162,0.8916162,0.5816162,0.8916162,0.8616162,0.6016162,0.6016162,0.4216162,0.4516162,0.03161621,-0.35838377,-0.6483838,-0.6483838,0.3116162,0.5616162,0.121616215,0.4516162,-0.05838379,-0.07838379,-0.1983838,0.3216162,0.9716162,0.51161623,0.17161621,-0.25838378,-0.31838378,0.39161623,1.3816162,2.9116163,2.2016163,1.8516163,3.2116163,5.3116164,5.231616,5.071616,5.171616,5.271616,5.2216163,4.921616,4.611616,4.151616,3.5716162,3.2716162,3.141616,3.1916163,3.141616,2.9216163,2.5816162,2.7016163
0.21161622,0.2416162,-0.38838378,-0.55838376,0.3116162,0.9916162,0.5616162,1.1016163,0.50161624,0.9916162,0.8616162,1.6616162,1.0816162,0.43161622,-0.07838379,-0.4683838,0.4216162,0.5316162,0.3416162,-0.18838379,0.041616213,0.011616211,-0.1983838,0.7416162,0.4416162,0.36161622,0.121616215,0.39161623,0.2816162,0.36161622,0.3216162,0.40161622,0.7016162,0.5416162,-0.16838379,0.1316162,0.6416162,1.1516162,1.9416162,1.2916162,1.0116162,1.5816162,2.651616,5.251616,5.1816163,4.981616,4.7416162,4.461616,4.171616,4.111616,4.131616,3.9916162,3.8516161,3.401616,2.901616,2.7416162,2.6916163,2.7316163,2.7816162,2.8016162
-0.9583838,-0.80838376,0.1316162,-0.2983838,-0.5783838,-0.6283838,-0.5683838,0.36161622,1.6016163,1.3816162,1.0116162,0.2516162,0.0016162109,0.17161621,0.18161622,0.3116162,0.3116162,0.23161621,0.3716162,0.18161622,-0.4683838,-0.5383838,-0.61838377,-1.1183838,-0.67838377,-0.41838378,0.3516162,0.46161622,0.5916162,0.3116162,0.3216162,-0.11838379,0.11161621,0.6516162,0.5616162,0.7316162,0.6116162,0.8716162,0.36161622,1.0316162,2.1016161,1.3616163,2.2816162,4.711616,4.711616,4.5616164,4.1616163,3.8116162,3.9116163,4.271616,4.1616163,3.5916162,3.0916162,2.8416162,2.6616163,2.5516162,2.5016162,2.7216163,3.1216161,3.2016163
-1.4683838,-0.6683838,-1.0083838,-1.2583838,-0.5983838,-0.7283838,0.50161624,0.8416162,0.9116162,0.7316162,0.50161624,0.7016162,0.8916162,0.18161622,-0.008383789,-0.5083838,-1.0083838,-1.0783838,-0.8783838,-1.0683838,-1.4383838,-0.4583838,0.09161621,0.39161623,-0.16838379,-0.67838377,-0.3683838,-0.31838378,0.46161622,0.011616211,-0.6583838,-0.6083838,0.05161621,0.36161622,1.3116162,1.6216162,1.5216162,1.8616163,1.7416162,1.3216162,2.5916162,1.7616162,1.6216162,3.9516163,4.271616,3.8516161,3.2816162,3.4816163,3.7916162,3.881616,3.4916162,3.2016163,3.391616,3.5016162,3.2316163,2.7816162,2.6616163,2.7716162,2.7316163,2.5916162
-0.99838376,-0.6483838,-1.2483838,-1.0583838,-0.8283838,-0.08838379,-0.5083838,-0.10838379,0.49161622,0.76161623,0.5916162,0.57161623,-0.5083838,-0.5883838,-0.98838377,-0.7583838,-0.23838378,0.121616215,0.03161621,0.09161621,0.39161623,0.10161621,-0.08838379,-0.8883838,-1.0483838,-0.7183838,-0.3983838,-0.2683838,-0.7283838,-0.20838378,-0.28838378,-0.6683838,-0.4283838,0.5816162,0.7116162,0.30161622,0.5516162,0.8916162,1.0416162,1.0116162,0.9716162,0.9316162,2.5316162,3.4816163,4.1216164,3.3616161,2.5816162,3.0616162,3.3016162,3.3716161,3.4716163,3.7516162,3.6616163,3.131616,2.7016163,2.631616,2.6916163,2.5716162,2.6216161,2.9316163
-1.9683838,-1.8683838,-1.5183837,-1.1883838,-0.008383789,-0.12838379,-0.4683838,-0.05838379,0.27161622,0.23161621,-0.4883838,-0.5483838,-0.16838379,-0.28838378,-0.08838379,-0.02838379,-0.11838379,0.2816162,0.15161622,-0.12838379,-0.25838378,-0.7183838,-1.0083838,-0.7783838,-0.6083838,-0.31838378,-0.5183838,-0.5783838,-0.24838379,-0.15838379,0.5616162,0.4116162,-0.61838377,0.08161621,0.8516162,0.10161621,0.4116162,1.4116162,1.7716162,1.9816163,1.4316162,0.8916162,2.0216162,2.9916162,3.7916162,3.5616162,2.6816163,2.7216163,2.8016162,3.1116161,3.3716161,3.2316163,2.9216163,2.6616163,2.5516162,2.4516163,2.3616161,2.4416163,2.5916162,2.7016163
-1.8383838,-2.1583838,-1.3583838,-0.7783838,-0.6683838,-0.3783838,-0.18838379,0.1916162,-0.07838379,-0.4983838,-0.35838377,0.7716162,0.2416162,-0.8483838,-0.31838378,0.2816162,-0.6083838,-0.99838376,-0.86838377,-0.47838378,-0.15838379,-0.3083838,-0.7883838,-0.98838377,-1.2783837,-1.1283838,-0.6083838,-0.8183838,-1.0583838,-0.6583838,-0.2683838,-0.4583838,0.2916162,-0.2983838,-0.2683838,1.2216163,0.8916162,1.0316162,1.6716162,2.2916162,2.0216162,0.9316162,1.4716163,2.3516161,3.0116162,3.3716161,2.5216162,2.0116162,1.9216162,2.141616,2.4416163,2.5916162,2.7516162,2.631616,2.141616,1.7916162,1.8416162,2.0816162,2.1216161,2.1116161
-2.598384,-1.7283838,-1.6783838,-2.2283838,-1.0183837,-0.03838379,-0.4883838,-0.7183838,-0.5183838,-0.10838379,-0.2783838,-0.5283838,-0.47838378,-0.24838379,-0.10838379,-0.1483838,-0.9083838,-0.86838377,-0.9383838,-1.0983838,-1.1983838,-1.1683838,-0.8283838,-1.0783838,-1.0783838,-0.8783838,-1.2883838,-1.2483838,-0.3383838,0.021616211,-1.2583838,-0.8483838,-1.8283838,-0.13838379,0.3816162,1.3916162,1.3116162,-0.05838379,1.1116163,1.5516162,0.7816162,0.6216162,1.1316162,1.5716162,1.8016162,2.1816163,2.6616163,2.6216161,2.2516162,2.1116161,2.2816162,2.5316162,2.7116163,2.6716163,2.631616,2.5516162,1.9616162,1.4016162,1.4816163,1.8416162
-1.8583838,-1.2383838,-1.1083838,-0.44838378,0.21161622,0.1316162,-0.98838377,-1.1383837,-0.9383838,-0.3083838,-0.13838379,0.8316162,0.6116162,0.5916162,0.021616211,-0.6983838,-0.6883838,-0.9683838,-1.1583838,-0.8283838,-1.1283838,-1.1883838,-1.6483837,-1.4583838,-1.3183838,-1.3283838,-1.1283838,-0.44838378,-0.16838379,0.03161621,-0.1483838,-0.6483838,-0.47838378,0.6016162,-0.5383838,-0.9083838,0.7216162,0.4816162,-0.34838378,-0.17838378,0.011616211,0.33161622,0.6816162,0.8616162,1.2416162,1.7516162,2.2316163,2.4216163,2.0816162,1.8316162,1.8616163,2.0016162,2.2816162,2.7416162,2.9516163,2.6816163,2.0716162,1.2716162,0.8416162,1.0516162
-1.4683838,-2.2283838,-1.1583838,0.50161624,-0.17838378,-0.35838377,-0.74838376,-1.4583838,-1.3283838,-0.8183838,0.07161621,0.8416162,1.6216162,-0.008383789,-0.9683838,-1.4283838,-1.1083838,-0.9783838,-0.9483838,-1.3383838,-1.2883838,-1.5783838,-1.7583838,-1.8283838,-1.5883838,-1.4983838,-1.7983838,-1.7083838,-0.80838376,-0.8883838,-1.1383837,-1.3083838,-1.1483837,-0.73838377,-0.17838378,0.10161621,-0.86838377,0.07161621,-0.2683838,-0.7083838,-0.41838378,-0.11838379,0.3116162,0.3216162,0.43161622,0.8416162,1.1616162,1.2816162,1.4116162,1.7016162,1.8816162,1.9816163,2.1616163,2.4216163,2.4616163,2.3516161,2.401616,2.2916162,1.7216163,1.2916162
-1.5583838,-1.5583838,-0.6483838,-0.5083838,-0.44838378,-0.20838378,-1.1283838,-1.3283838,-1.0183837,-0.41838378,0.2616162,0.11161621,-0.12838379,-0.16838379,-1.0783838,-1.2283838,-1.2483838,-1.1583838,-1.2583838,-0.7883838,-1.0283837,-1.7683837,-1.9583838,-1.9983838,-2.2083838,-2.7283838,-2.1383839,-1.4583838,-1.1783838,-1.2383838,-1.2883838,-1.4783838,-1.4883838,-1.3283838,-0.7583838,-0.9683838,-0.86838377,-0.05838379,0.2916162,0.27161622,-0.23838378,-0.4683838,-0.05838379,-0.21838379,-0.4883838,-0.05838379,0.50161624,0.82161623,0.9916162,1.0716162,1.2116162,1.3216162,1.4616162,1.5516162,1.9616162,2.5516162,2.7416162,2.7616162,2.8116162,2.641616
-0.5083838,0.33161622,-1.3283838,-1.4583838,-0.73838377,-1.4183838,-1.5783838,-1.1383837,-1.1183838,-1.0083838,-0.8983838,0.3516162,0.8016162,-0.21838379,-1.0283837,-1.4683838,-1.3383838,-1.1283838,-0.7083838,-0.6583838,-1.3683838,-1.7883838,-1.7183838,-1.7983838,-1.6583838,-1.4183838,-1.1483837,-0.99838376,-0.4383838,-1.5183837,-1.4983838,-1.6883838,-1.8183838,-0.8583838,-0.86838377,-1.9383838,-1.0183837,-1.4783838,-0.8583838,-0.048383787,-1.4383838,-1.3883837,-0.7083838,-0.7683838,-0.8483838,-0.4683838,0.18161622,0.50161624,0.2816162,0.22161621,0.5316162,0.9116162,1.0416162,1.2316163,1.7016162,2.0016162,2.2416162,2.6216161,2.8216162,2.7516162
-0.8583838,0.07161621,-0.23838378,-0.8883838,-1.3183838,-1.6783838,-1.5283837,-1.2683837,-1.1183838,-0.9183838,-0.05838379,0.75161624,-0.08838379,-0.7883838,-0.8883838,-0.6483838,-1.2783837,-1.5983838,-1.1583838,-0.7283838,-0.6883838,-0.7583838,-1.2783837,-1.6883838,-1.2983838,-0.5383838,-0.2683838,-0.8983838,-2.0183837,-2.1383839,-1.8183838,-1.8683838,-0.8383838,-0.99838376,-1.7883838,-1.6883838,-1.1083838,-0.3383838,-0.12838379,-1.1783838,-2.5283837,-2.0883837,-1.3083838,-0.8883838,-0.55838376,-0.3683838,-0.03838379,0.121616215,0.021616211,0.10161621,0.3216162,0.50161624,0.7716162,1.1916162,1.2216163,1.1916162,1.4416162,1.6716162,1.9516162,2.2916162
-1.1783838,-1.0883838,-0.7683838,-1.2283838,-1.5383838,-1.5583838,-1.7883838,-1.5283837,-1.5483838,-0.23838378,0.6416162,-0.99838376,-0.5083838,-0.4683838,-0.5483838,-0.4683838,-0.61838377,-1.6483837,-0.9783838,-0.4983838,-0.73838377,-1.2183838,-1.8283838,-1.7583838,-0.8183838,-0.8183838,-1.3683838,-1.0183837,-1.1583838,-1.3983837,-1.4983838,-0.8183838,-0.9083838,-1.2183838,-0.9383838,1.0616162,0.6716162,0.7016162,0.23161621,-1.0783838,-2.608384,-2.2983837,-1.8083838,-1.5483838,-1.1783838,-0.67838377,-0.3783838,-0.5083838,-0.4683838,-0.17838378,0.011616211,0.3116162,0.7216162,0.75161624,0.6616162,0.9316162,1.1016163,1.2116162,1.3916162,1.6216162
-1.7883838,-1.4583838,-1.3683838,-1.3283838,-1.3683838,-1.4583838,-1.7883838,-2.4783838,-1.4983838,0.10161621,-0.6083838,-0.6883838,0.0016162109,0.2416162,-0.008383789,-0.31838378,-0.25838378,-0.61838377,-0.4583838,-0.44838378,-0.5883838,-1.4183838,-2.1483839,-1.9283838,-0.6383838,-0.6083838,-1.8383838,-1.6283838,-1.3383838,-0.7983838,-1.5083838,-1.2383838,-1.9583838,-1.9383838,-2.2883837,-0.3983838,-0.55838376,-0.9783838,-1.2583838,-1.6783838,-3.2583838,-2.2283838,-1.9883838,-1.8983837,-1.6283838,-1.1583838,-0.8583838,-0.9683838,-1.0983838,-0.6883838,-0.2683838,0.011616211,-0.07838379,-0.07838379,0.3416162,0.5416162,0.6616162,0.9316162,1.3516163,1.8216162
-1.9583838,-2.368384,-0.8783838,-0.92838377,-1.2083838,-1.3083838,-1.5083838,-2.0883837,-1.5183837,-0.7583838,-0.8383838,-0.4283838,-0.4383838,0.1616162,0.09161621,-0.3683838,-0.5083838,-0.4083838,-0.2683838,-0.09838379,-0.08838379,-0.4583838,-1.1783838,-0.98838377,-1.2983838,-1.7383838,-1.5583838,-1.1183838,-1.4983838,-1.5083838,-1.9183838,-1.6783838,-1.2183838,-1.0683838,-1.1583838,-2.2683837,-1.8283838,-1.7583838,-2.7883837,-3.5483837,-3.3983839,-2.5283837,-2.1883838,-2.108384,-1.8183838,-1.0983838,-0.6283838,-0.4583838,-0.6883838,-0.67838377,-0.44838378,-0.38838378,-0.2683838,0.22161621,0.39161623,0.51161623,0.6416162,0.76161623,0.9316162,1.4116162
-3.0583837,-3.368384,-2.3283837,-1.7083838,-0.99838376,-1.7583838,-1.8283838,-1.6083838,-1.6983838,-2.2683837,-1.5283837,-1.3583838,-0.7883838,-0.7583838,-0.9783838,-0.5983838,-0.6583838,-0.5283838,0.4516162,0.10161621,0.3216162,-0.55838376,-0.8583838,-0.38838378,-0.8183838,-1.4083838,-0.3083838,-1.3783838,-1.9483838,-0.9783838,0.011616211,0.7416162,-1.1283838,-2.1783838,0.4716162,-0.1483838,-1.6483837,-2.108384,-4.078384,-4.478384,-3.4983838,-2.9283838,-2.4683838,-2.1783838,-1.7483838,-0.9383838,-0.5683838,-0.4283838,-0.6083838,-0.6983838,-0.4983838,-0.5983838,-0.47838378,-0.20838378,0.17161621,0.6116162,0.8416162,0.9816162,1.0616162,1.1416162
-3.7983837,-3.0483837,-2.118384,-1.0783838,-1.0383838,-1.4683838,-1.7783837,-1.7783837,-1.4683838,-2.2383838,-1.5783838,-1.9883838,-0.7083838,-0.99838376,-2.1583838,-2.5483837,-2.1883838,-0.8283838,-0.17838378,-0.6483838,-0.25838378,-0.9383838,-1.4583838,-1.2183838,-1.4583838,-0.3683838,-0.86838377,-0.7083838,0.69161624,0.4716162,0.6816162,2.0816162,1.5316162,0.7716162,4.171616,0.4816162,-3.1583838,-4.0283837,-5.228384,-4.538384,-3.6383839,-3.3183837,-2.8883839,-2.2683837,-1.7083838,-1.1683838,-0.74838376,-0.6083838,-0.7883838,-0.9483838,-0.8183838,-0.6483838,-0.6383838,-0.4283838,0.10161621,0.51161623,0.7916162,1.0516162,1.1816162,1.0916162
-2.618384,-3.0083838,-2.5183837,-1.7383838,-1.3883837,-2.2383838,-2.3383837,-1.5683838,-1.0183837,-1.8183838,-1.6683838,-1.7183838,-1.5683838,-2.5683837,-2.8183837,-1.8283838,-2.2183838,-1.6583838,-1.8083838,-1.0783838,0.061616212,0.15161622,-0.7783838,-1.2083838,-1.6383837,-1.8783838,-1.3183838,0.5416162,1.2216163,1.7116162,3.3716161,0.5216162,-0.7083838,-0.4283838,-1.9783838,-3.5683837,-4.178384,-5.1083837,-5.3983836,-4.5883837,-3.9083838,-3.4183838,-2.848384,-2.1283839,-1.5483838,-1.3683838,-1.2183838,-1.1083838,-1.2683837,-1.1683838,-0.9183838,-0.80838376,-0.7283838,-0.5683838,0.07161621,0.6716162,0.9116162,1.0016162,1.0616162,1.1516162
-3.2883837,-3.098384,-2.598384,-2.1283839,-1.7783837,-2.1683838,-1.8983837,-1.0483838,-0.4283838,-1.5683838,-2.0283837,-1.5983838,-1.8983837,-2.2483838,-3.2083838,-2.6383839,-1.3083838,-0.8983838,-0.9683838,-1.1083838,-1.7083838,-2.0783837,-2.0083838,-1.6283838,-1.8583838,-0.07838379,1.5816162,2.1616163,2.3416162,1.7816162,1.2016162,-1.5183837,-3.6483839,-3.2283838,-4.658384,-5.1283836,-5.3583837,-5.738384,-5.348384,-4.968384,-4.558384,-3.7483838,-3.108384,-2.3883839,-1.7883838,-1.6583838,-1.5383838,-1.3883837,-1.4683838,-1.3083838,-1.1583838,-1.0083838,-0.8183838,-0.4883838,0.041616213,0.3116162,0.63161623,0.6816162,0.7116162,0.8016162
-1.8383838,-2.4383838,-2.4483838,-2.3983839,-2.118384,-1.7983838,-0.8283838,-0.6983838,-0.47838378,-0.2983838,-0.4583838,-0.38838378,-1.4583838,-1.6783838,-1.6583838,-2.2983837,-2.3383837,-1.9283838,-1.6283838,-1.1083838,-0.4683838,-0.11838379,0.14161621,0.121616215,-0.12838379,0.7016162,1.2816162,1.1816162,0.6216162,0.21161622,-0.9583838,-3.1983838,-4.478384,-4.8783836,-6.5283837,-6.5283837,-6.498384,-6.3583837,-5.678384,-5.4383836,-5.3383837,-4.4383836,-3.6683838,-3.0483837,-2.3883839,-1.7683837,-1.4583838,-1.6383837,-1.4783838,-1.0283837,-0.8283838,-0.9183838,-0.92838377,-0.4283838,-0.2283838,-0.1983838,0.10161621,0.3816162,0.7016162,0.8416162
-1.0483838,-0.99838376,-1.2283838,-2.2583838,-2.1583838,-1.6883838,-1.5783838,-1.4783838,-1.5583838,-1.3983837,-1.6683838,-1.2183838,-1.9183838,-1.8283838,-0.98838377,-1.6983838,-0.9183838,-0.8583838,-1.0283837,-1.0083838,-0.6483838,-0.8183838,-1.1983838,-0.7283838,-0.13838379,-0.28838378,-0.5983838,-0.10838379,-1.2883838,-2.1983838,-3.1383839,-4.478384,-5.1083837,-5.978384,-7.4583836,-7.1683836,-6.908384,-6.6683836,-6.2983837,-6.018384,-5.7083836,-4.988384,-4.408384,-3.7783837,-2.9783838,-2.3883839,-2.1483839,-2.1483839,-1.6983838,-1.1083838,-0.9383838,-1.0183837,-0.6083838,-0.4283838,-0.7083838,-0.5283838,-0.24838379,0.14161621,0.4816162,1.0016162
0.021616211,-0.4083838,-0.2783838,-1.7183838,-2.5883837,-2.0583837,-1.4283838,-1.4083838,-2.0483837,-1.5683838,-1.8783838,-2.118384,-1.2283838,-1.7983838,-1.9683838,-1.6183838,-1.7783837,-1.5483838,-0.9183838,-0.4583838,-0.67838377,-0.5183838,0.03161621,0.3816162,-1.7983838,-3.4383838,-2.7083838,-2.2883837,-2.7183838,-3.2983837,-4.158384,-5.0283837,-5.5683837,-6.788384,-7.9183836,-7.5283837,-7.0883837,-6.658384,-6.488384,-6.4583836,-6.1083837,-5.6283836,-5.1683836,-4.308384,-3.5083838,-3.2883837,-3.4183838,-3.0683837,-2.358384,-1.7783837,-1.2283838,-0.7183838,-0.7083838,-1.2283838,-1.1383837,-0.6383838,-0.21838379,0.22161621,0.6216162,0.7316162
0.6216162,0.40161622,0.5616162,-0.2983838,-2.4783838,-2.7383838,-2.2383838,-1.8583838,-1.7983838,-2.0683837,-2.0483837,-1.2983838,-1.1483837,-1.2083838,-1.4983838,-2.1783838,-1.3483838,-1.4583838,-1.0483838,-0.3783838,-0.4283838,-0.73838377,-0.4683838,-1.5283837,-2.8083837,-3.8183837,-4.0683837,-3.7783837,-3.7583838,-3.7783837,-4.268384,-4.948384,-5.8383837,-7.3783836,-8.278384,-7.9583836,-7.468384,-6.9183836,-6.658384,-6.5683837,-6.348384,-6.1083837,-5.5883837,-4.658384,-4.138384,-4.098384,-4.0683837,-3.5683837,-2.868384,-2.3383837,-1.8583838,-1.7783837,-1.6183838,-0.7783838,-0.55838376,-0.4983838,-0.02838379,0.63161623,0.9216162,0.88161623
0.7816162,0.5216162,-0.05838379,-0.4383838,-2.7183838,-2.7183838,-2.108384,-2.3283837,-1.8583838,-2.0583837,-1.4683838,-0.8183838,-0.80838376,-1.8583838,-2.5883837,-2.2183838,-1.6783838,-1.3283838,-1.4983838,-1.4683838,-0.5383838,0.22161621,-0.35838377,-3.1483839,-3.8083837,-4.348384,-4.6683836,-4.6283836,-4.498384,-4.158384,-4.198384,-4.618384,-5.698384,-7.598384,-8.488384,-8.348384,-8.098384,-7.598384,-7.2583838,-6.828384,-6.348384,-6.098384,-5.718384,-5.018384,-4.6483836,-4.478384,-4.058384,-3.6583838,-3.4183838,-3.2783837,-3.0283837,-2.8183837,-2.358384,-1.6583838,-1.4383838,-0.99838376,-0.4283838,0.2416162,0.7416162,0.76161623
