002/json-merging/data/b.json
{"header": {"discipline":0,"disciplineName":"Meteorological products","gribEdition":2,"gribLength":248731,"center":7,"centerName":"US National Weather Service - NCEP(WMC)","subcenter":0,"refTime":"2017-07-31T18:00:00.000Z","significanceOfRT":1,"significanceOfRTName":"Start of forecast","productStatus":0,"productStatusName":"Operational products","productType":1,"productTypeName":"Forecast products","productDefinitionTemplate":0,"productDefinitionTemplateName":"Analysis/forecast at horizontal level/layer at a point in time","parameterCategory":2,"parameterCategoryName":"Momentum","parameterNumber":3,"parameterNumberName":"V-component_of_wind","parameterUnit":"m.s-1","genProcessType":2,"genProcessTypeName":"Forecast","forecastTime":0,"surface1Type":103,"surface1TypeName":"Specified height level above ground","surface1Value":10.0,"surface2Type":255,"surface2TypeName":"Missing","surface2Value":0.0,"gridDefinitionTemplate":0,"gridDefinitionTemplateName":"Latitude_Longitude","numberPoints":259920,"shape":6,"shapeName":"Earth spherical with radius of 6,371,229.0 m","gridUnits":"degrees","resolution":48,"winds":"true","scanMode":0,"nx":720,"ny":361,"basicAngle":0,"lo1":0.0,"la1":90.0,"lo2":359.5,"la2":-90.0,"dx":0.5,"dy":0.5}, "data":
[rows 26 to 51 of 361, columns 420 to 479 of 720]
8.391616,8.261616,8.121616,7.9716163,7.8316164,7.691616,7.551616,7.421616,7.281616,7.151616,7.021616,6.9116163,6.781616,6.671616,6.5616164,6.461616,6.361616,6.261616,6.171616,6.0616164,5.961616,5.861616,5.771616,5.6816163,5.6016164,5.521616,5.4316163,5.341616,5.2416162,5.1216164,4.981616,4.841616,4.6816163,4.4916162,4.231616,3.9216163,3.5716162,3.2016163,2.8516161,2.5516162,2.3216162,2.141616,1.9916162,1.8616163,1.7416162,1.6316162,1.5316162,1.4416162,1.3716162,1.3016162,1.2416162,1.1816162,1.1116163,1.0516162,0.9916162,0.9616162,0.94161624,0.9216162,0.8516162,0.6716162
7.531616,7.4116163,7.281616,7.1616163,7.031616,6.9116163,6.781616,6.6616163,6.5416164,6.4316163,6.3316164,6.231616,6.1416163,6.051616,5.961616,5.861616,5.771616,5.671616,5.5816164,5.481616,5.381616,5.2916164,5.191616,5.1016164,5.011616,4.921616,4.8316164,4.7216163,4.611616,4.4916162,4.3516164,4.2216163,4.071616,3.9216163,3.7416162,3.5216162,3.2716162,2.9916162,2.7016163,2.4116163,2.151616,1.9316162,1.7416162,1.5716162,1.4316162,1.3116162,1.2016162,1.0816162,0.9616162,0.8416162,0.7316162,0.63161623,0.5316162,0.43161622,0.3216162,0.20161621,0.05161621,-0.15838379,-0.5283838,-0.9483838
6.631616,6.5416164,6.461616,6.3916163,6.3116164,6.231616,6.151616,6.0616164,5.9916162,5.921616,5.8516164,5.781616,5.711616,5.6416163,5.571616,5.481616,5.3916163,5.301616,5.2016163,5.1016164,5.011616,4.9116163,4.8116164,4.7216163,4.6216164,4.521616,4.4116163,4.3116164,4.2016163,4.0816164,3.9416163,3.8016162,3.641616,3.5016162,3.3416162,3.1916163,3.0416162,2.881616,2.7416162,2.6016161,2.4716163,2.3616161,2.2616162,2.1816163,2.1116161,2.0416162,1.9616162,1.8716162,1.7616162,1.6316162,1.5016162,1.3616163,1.1916162,0.9816162,0.7316162,0.39161623,0.10161621,-0.2983838,-0.5683838,-0.9183838
6.321616,6.281616,6.2216163,6.1416163,6.0616164,5.961616,5.861616,5.761616,5.6616163,5.5816164,5.501616,5.421616,5.3516164,5.281616,5.191616,5.111616,5.011616,4.9116163,4.801616,4.691616,4.591616,4.481616,4.381616,4.281616,4.1816163,4.0816164,3.9816163,3.881616,3.7916162,3.6916163,3.6016161,3.4916162,3.381616,3.2716162,3.1616163,3.0416162,2.9316163,2.8216162,2.7216163,2.631616,2.5516162,2.4816163,2.4216163,2.3616161,2.2916162,2.2216163,2.1216161,2.0116162,1.8816162,1.7616162,1.6316162,1.5116162,1.3916162,1.2716162,1.1216162,0.94161624,0.7316162,0.5216162,0.2916162,0.061616212
6.0816164,6.091616,6.091616,6.091616,6.0616164,6.001616,5.921616,5.821616,5.7016163,5.5816164,5.461616,5.3316164,5.191616,5.051616,4.9116163,4.781616,4.651616,4.5416164,4.441616,4.361616,4.281616,4.2016163,4.131616,4.031616,3.9516163,3.8516161,3.7516162,3.6616163,3.5716162,3.4816163,3.401616,3.3316162,3.2616162,3.2016163,3.141616,3.0616162,2.9916162,2.901616,2.8116162,2.7016163,2.6116161,2.5116162,2.4216163,2.3216162,2.2216163,2.1016161,1.9716163,1.8316162,1.7216163,1.6616162,1.6416162,1.6516162,1.6616162,1.6316162,1.5416162,1.3716162,1.1216162,0.7916162,0.3816162,-0.06838379
6.2016163,6.0616164,5.8916163,5.7216163,5.5616164,5.4116163,5.261616,5.1416163,4.9916162,4.881616,4.7916164,4.691616,4.6216164,4.5416164,4.461616,4.4116163,4.3516164,4.3116164,4.251616,4.191616,4.1216164,4.0616164,3.9916162,3.9216163,3.8316162,3.7616162,3.6916163,3.6216161,3.5616162,3.5016162,3.4316163,3.3516161,3.2616162,3.1616163,3.0716162,2.9816163,2.901616,2.8116162,2.7316163,2.631616,2.5216162,2.401616,2.2916162,2.1716163,2.0516162,1.9116162,1.7916162,1.7216163,1.7216163,1.7516162,1.7516162,1.6516162,1.4816163,1.1816162,0.7816162,0.2616162,-0.4083838,-1.1483837,-1.7683837,-2.0483837
4.531616,4.461616,4.421616,4.3916163,4.381616,4.361616,4.341616,4.321616,4.321616,4.3316164,4.321616,4.341616,4.3716164,4.3916163,4.401616,4.381616,4.3716164,4.321616,4.261616,4.1816163,4.1216164,4.0416164,3.9616163,3.891616,3.8016162,3.7316163,3.641616,3.5716162,3.4916162,3.4116163,3.3316162,3.2316163,3.1216161,2.9916162,2.8716161,2.7216163,2.6216161,2.5116162,2.4316163,2.3316162,2.2316163,2.1216161,2.0116162,1.9116162,1.8016162,1.6816162,1.5616162,1.5016162,1.5216162,1.6016163,1.5716162,1.2716162,0.6616162,-0.02838379,-0.6883838,-1.2683837,-1.7883838,-2.2783837,-2.7783837,-3.2583838
4.6216164,4.671616,4.7016163,4.691616,4.6816163,4.771616,4.961616,5.091616,5.251616,5.481616,4.981616,4.711616,4.611616,4.5816164,4.5816164,4.5416164,4.481616,4.401616,4.321616,4.271616,4.2016163,4.111616,4.011616,3.9116163,3.8016162,3.7016163,3.6016161,3.5216162,3.4316163,3.3416162,3.2416162,3.1216161,2.9916162,2.8516161,2.6916163,2.5516162,2.4116163,2.2816162,2.1716163,2.0616162,1.9716163,1.8916162,1.8016162,1.7016162,1.5716162,1.4316162,1.3316162,1.3016162,1.3216162,1.2916162,1.0416162,0.4816162,-0.3283838,-1.1583838,-1.8083838,-2.1983838,-2.3983839,-2.4883838,-2.6683838,-3.0483837
6.111616,5.921616,5.8516164,5.8116164,5.9916162,5.9116163,6.501616,6.671616,6.6816163,6.571616,6.441616,6.381616,6.4116163,6.3516164,6.4116163,6.501616,6.1416163,5.501616,4.9116163,4.591616,4.3916163,4.261616,4.1416163,4.021616,3.891616,3.7716162,3.6616163,3.5416162,3.4316163,3.3216162,3.2016163,3.0516162,2.9116163,2.7816162,2.631616,2.4816163,2.3416162,2.2316163,2.1016161,2.0116162,1.9216162,1.8316162,1.7016162,1.4916162,1.2216163,0.9916162,0.9116162,0.94161624,0.9716162,0.75161624,0.18161622,-0.7283838,-1.4483838,-1.9983838,-2.4583838,-2.9383838,-3.4283838,-3.858384,-4.1283836,-4.2783837
8.361616,8.081616,7.9116163,7.781616,7.6416163,7.521616,7.4716163,7.481616,7.591616,7.7916164,8.4616165,8.391616,8.371616,7.8116164,7.0616164,6.921616,6.8316164,6.591616,6.0416164,5.131616,4.4716163,4.211616,4.1016164,4.001616,3.891616,3.7616162,3.631616,3.5116162,3.381616,3.2616162,3.131616,2.9916162,2.8316162,2.651616,2.4816163,2.3116162,2.151616,1.9916162,1.8616163,1.7616162,1.6716162,1.5416162,1.3316162,1.0716162,0.82161623,0.6816162,0.6216162,0.50161624,0.14161621,-0.4983838,-1.2983838,-1.9283838,-2.3883839,-2.7183838,-2.9783838,-3.2883837,-3.6683838,-4.078384,-4.4583836,-4.728384
8.601616,8.421617,8.271616,8.341617,8.241616,8.261616,8.111616,8.031616,8.411616,8.221616,8.0016165,7.9116163,7.8316164,7.731616,7.691616,7.5816164,7.381616,7.021616,6.501616,5.321616,3.9716163,3.5216162,3.391616,3.381616,3.4116163,3.4116163,3.391616,3.3516161,3.3116162,3.2616162,3.2016163,3.0916162,2.9816163,2.8516161,2.7116163,2.5316162,2.3116162,2.0416162,1.7816162,1.5616162,1.4116162,1.2716162,1.0616162,0.7316162,0.27161622,-0.2283838,-0.6883838,-1.1583838,-1.8983837,-2.5583837,-2.9683838,-3.0583837,-2.9983838,-3.0583837,-3.3783839,-3.858384,-4.308384,-4.5883837,-4.748384,-4.788384
7.881616,7.7216163,7.5616164,7.441616,7.651616,7.921616,8.061616,8.031616,7.751616,7.6016164,7.281616,7.071616,6.8716164,6.771616,6.841616,6.7916164,6.711616,6.4916162,6.211616,5.8516164,5.261616,3.9716163,3.2816162,3.0416162,2.901616,2.7016163,2.3216162,2.141616,2.0816162,2.1116161,2.141616,2.0916162,2.0016162,1.9216162,1.8116162,1.6016163,1.3916162,1.0416162,0.7216162,0.5516162,0.46161622,0.3416162,0.20161621,-0.08838379,-0.4983838,-1.0583838,-1.8283838,-2.4883838,-3.108384,-3.5383837,-3.598384,-3.2983837,-2.6883838,-2.3383837,-2.7883837,-3.5783837,-4.118384,-4.178384,-3.9983838,-3.7683837
6.761616,6.6016164,6.4316163,6.2216163,5.901616,5.591616,5.4316163,5.2416162,5.111616,5.021616,4.9116163,4.751616,4.801616,4.9716163,5.251616,5.981616,6.171616,6.381616,6.2216163,5.9116163,5.521616,4.6616163,4.6216164,5.2416162,5.251616,5.1416163,4.9316163,4.711616,4.5416164,4.381616,4.191616,3.9616163,3.7416162,3.5116162,3.2216163,2.9316163,2.5716162,2.1716163,1.7516162,1.3416162,0.9016162,0.4716162,0.011616211,-0.44838378,-0.8783838,-1.2583838,-1.6583838,-2.108384,-2.608384,-3.1683838,-3.7683837,-4.428384,-4.928384,-4.738384,-3.4383838,-1.7183838,-0.4983838,-0.3083838,-0.99838376,-2.0083838
4.1616163,3.9316163,3.5516162,3.5416162,3.5616162,3.6216161,3.8316162,4.1416163,4.251616,4.3116164,4.261616,4.231616,4.2916164,4.501616,4.7916164,5.0816164,5.271616,5.5416164,5.591616,5.7216163,5.691616,5.521616,5.1416163,4.9916162,4.921616,4.9516163,5.031616,5.111616,5.2016163,5.261616,5.211616,4.9916162,4.8116164,4.4916162,3.9816163,3.151616,2.5116162,1.9916162,1.9316162,1.7016162,1.4416162,1.1016163,0.6516162,0.1916162,-0.3083838,-0.9083838,-1.4083838,-1.8083838,-2.0883837,-2.358384,-2.7083838,-3.1683838,-3.6683838,-4.0083838,-3.9883838,-3.848384,-3.4283838,-3.1283839,-3.0383837,-3.2683837
3.0916162,2.891616,2.9116163,3.0716162,3.0416162,2.7716162,2.2116163,1.5716162,0.9916162,0.7716162,0.8116162,1.3116162,1.7116162,1.7216163,1.6216162,1.3916162,1.5816162,1.9816163,2.8516161,3.651616,4.5616164,5.2216163,5.441616,4.751616,4.801616,4.501616,3.391616,2.8416162,2.8016162,3.0016162,3.2416162,3.5316162,3.7616162,3.9716163,3.6616163,3.1916163,2.6116161,2.2716162,2.2016163,2.0916162,1.5516162,0.63161623,-0.048383787,-0.38838378,-0.5083838,-0.8483838,-1.1783838,-1.8483838,-2.1783838,-2.0783837,-1.8183838,-1.6983838,-1.9083838,-1.8483838,-1.7883838,-1.8483838,-2.4183838,-3.2183838,-3.9783838,-4.408384
2.3516161,2.3516161,2.3716161,2.401616,2.401616,2.4916162,2.9316163,3.2916162,3.2616162,3.2316163,3.5116162,2.7216163,1.3716162,0.6616162,1.0316162,1.3216162,0.9716162,0.49161622,0.5616162,1.1316162,1.6916162,2.5716162,3.4516163,4.4516163,5.481616,5.7916164,5.761616,5.031616,4.9316163,4.801616,4.6616163,4.7016163,4.961616,4.761616,4.631616,4.321616,3.8416162,3.2616162,2.6716163,2.2616162,2.0316162,1.9216162,1.2116162,0.76161623,0.4416162,0.2416162,-0.31838378,-1.2283838,-2.1783838,-2.3883839,-2.0483837,-1.6883838,-1.5883838,-1.4583838,-1.1483837,-0.9383838,-1.0683838,-1.7783837,-3.4383838,-5.308384
2.6216161,2.6916163,2.5916162,2.151616,1.6216162,1.8616163,3.3416162,4.9116163,5.2216163,5.7216163,6.4116163,5.551616,4.211616,4.001616,4.1016164,4.171616,4.071616,3.9816163,4.3316164,4.921616,4.3316164,4.131616,5.441616,5.1816163,4.3116164,3.2316163,2.6816163,3.4716163,4.941616,6.1016164,6.6016164,6.5616164,6.3716164,5.981616,5.1416163,4.8716164,4.531616,4.1816163,4.1216164,3.8016162,3.3616161,2.7216163,2.0916162,1.5116162,0.9216162,0.4516162,0.1316162,-0.13838379,-0.4383838,-0.7783838,-1.0983838,-1.4083838,-1.7183838,-2.1383839,-2.7683837,-3.3183837,-3.4483838,-3.2983837,-3.2883837,-3.6483839
7.2916164,7.091616,6.341616,5.301616,4.821616,4.7916164,5.021616,5.3316164,5.191616,5.1216164,4.3316164,3.7516162,3.5416162,3.2516162,3.151616,3.1816163,3.151616,3.2316163,3.3416162,3.2316163,3.1916163,3.7216163,4.6216164,5.131616,6.5416164,5.421616,4.011616,2.7016163,3.4216163,5.361616,7.3716164,8.061616,7.961616,8.041616,7.781616,6.8716164,6.4916162,5.4316163,4.821616,4.111616,3.4116163,2.6816163,2.0816162,1.4816163,0.8416162,0.33161622,0.041616213,-0.10838379,-0.2683838,-0.6583838,-1.3283838,-2.1383839,-2.8883839,-3.4183838,-3.8083837,-4.1683836,-4.348384,-4.2083836,-3.8283837,-3.4683838
5.981616,5.321616,4.251616,3.1616163,2.9216163,3.3316162,2.881616,3.3116162,4.2216163,4.501616,4.761616,4.3316164,4.281616,4.321616,4.011616,4.4716163,4.6416163,3.8716161,3.0216162,2.3116162,2.2316163,2.8216162,4.501616,6.271616,7.321616,6.881616,4.671616,3.2816162,3.401616,5.7416162,7.6616163,8.771616,9.031616,8.911616,8.311616,7.131616,6.531616,5.781616,5.1016164,4.4916162,3.5916162,2.6716163,1.8016162,1.0016162,0.2516162,-0.4283838,-1.0183837,-1.5283837,-2.0383837,-2.618384,-3.1683838,-3.5683837,-3.7783837,-3.9183838,-4.078384,-4.0883837,-4.0283837,-3.9483838,-3.8983839,-3.868384
4.071616,3.0716162,2.4116163,2.631616,2.7916162,3.1216161,3.4416163,3.641616,4.051616,3.3316162,3.5616162,3.641616,3.7116163,4.091616,4.071616,3.9916162,3.8716161,3.7016163,3.8516161,3.4816163,2.8716161,2.1616163,2.7616162,3.6916163,4.2416162,4.2416162,4.551616,3.2716162,3.0116162,5.1016164,7.111616,7.9316163,7.6616163,6.9516163,6.251616,5.841616,5.091616,4.4716163,3.8116162,3.5816162,3.2216163,2.5716162,1.5316162,0.4216162,-0.3783838,-0.9383838,-1.4283838,-1.9083838,-2.4083838,-2.9283838,-3.4883838,-3.8783839,-3.9783838,-3.9183838,-3.848384,-3.8883839,-3.9483838,-3.8183837,-3.3783839,-2.8383837
1.5316162,1.1716162,1.3716162,1.5416162,1.9116162,2.0816162,2.3316162,2.5316162,2.5316162,2.4316163,2.4116163,2.4416163,2.5916162,2.9916162,2.8516161,2.8516161,3.0316162,2.7916162,2.7316163,2.8216162,3.2716162,3.1016161,2.6716163,2.641616,2.7116163,4.361616,5.071616,4.711616,4.3916163,4.211616,4.461616,5.011616,5.341616,5.761616,5.8316164,5.6616163,5.1416163,4.731616,3.8016162,3.2616162,2.5316162,1.8116162,1.0716162,0.21161622,-0.55838376,-1.1183838,-1.5783838,-2.0483837,-2.5583837,-3.1583838,-3.6383839,-4.038384,-4.328384,-4.598384,-4.9583836,-5.1683836,-4.5683837,-2.8383837,-0.6083838,0.7016162
2.1816163,1.8516163,2.0416162,2.6716163,2.7616162,2.8616161,2.5416162,2.1016161,1.7716162,1.5616162,1.4816163,1.6016163,1.7016162,1.9116162,2.0416162,2.1716163,2.2816162,2.1716163,2.1916163,1.9416162,1.8516163,1.7216163,2.4516163,2.881616,2.8316162,3.5416162,5.2216163,5.7416162,4.5416164,3.9216163,4.2416162,4.301616,4.011616,3.8616161,3.401616,3.1816163,3.1116161,2.9316163,2.5916162,2.2316163,1.8316162,1.6216162,0.82161623,0.2416162,-0.35838377,-0.8283838,-1.3183838,-1.8983837,-2.608384,-3.348384,-3.8983839,-4.428384,-4.6083837,-4.578384,-3.6283839,-2.8083837,-1.9783838,-1.0783838,-0.4583838,-0.17838378
2.1616163,2.5716162,3.0816162,3.8716161,4.271616,3.7216163,2.6716163,1.9816163,1.6616162,1.3216162,1.0216162,1.6916162,2.0216162,2.0916162,1.8616163,1.7616162,2.0416162,2.1116161,1.9616162,2.1616163,1.9116162,1.5616162,1.9316162,2.0616162,2.7416162,2.7216163,2.5416162,2.7716162,2.9816163,2.7616162,2.5616162,2.2416162,1.3316162,0.63161623,0.4516162,0.8316162,1.3116162,1.6116163,1.5916162,1.4116162,1.1916162,0.8916162,0.33161622,-0.23838378,-0.55838376,-0.73838377,-1.2083838,-1.8583838,-2.5383837,-3.0883837,-3.4583838,-3.868384,-3.9383838,-3.7983837,-3.9983838,-4.228384,-4.058384,-3.118384,-1.5883838,-0.3783838
2.7216163,2.7416162,2.8616161,3.2316163,3.6716163,4.2916164,3.6616163,3.9216163,4.091616,3.651616,2.7216163,1.8016162,1.4816163,1.5016162,1.6716162,1.8816162,2.0716162,2.141616,2.0116162,2.0416162,2.131616,2.0916162,2.1016161,2.1616163,1.8116162,1.7516162,1.8816162,1.9416162,1.6016163,1.2216163,1.2916162,1.4716163,1.0416162,0.5416162,0.6716162,1.4516162,2.2316163,2.4516163,2.1816163,1.2516162,0.2416162,-0.4283838,-0.9183838,-1.2683837,-1.5583838,-1.0483838,-1.3383838,-1.6383837,-2.5083838,-3.0583837,-3.4383838,-3.7883837,-3.9483838,-3.5483837,-3.8883839,-2.598384,-1.1883838,-0.16838379,-0.15838379,-0.24838379
2.2716162,2.651616,2.7616162,2.2616162,1.8516163,1.7516162,1.4816163,1.2816162,1.1916162,1.3516163,2.151616,2.5016162,2.0216162,1.3916162,1.0216162,1.3216162,1.6516162,2.0516162,2.391616,2.391616,2.2816162,1.4716163,0.76161623,0.51161623,0.8616162,1.7216163,2.131616,2.0816162,1.8916162,1.8516163,2.1616163,2.5216162,2.7516162,2.641616,2.2116163,2.381616,2.7416162,2.6016161,2.2216163,2.2516162,2.5016162,2.5816162,1.9516162,0.69161624,-0.5783838,-1.3583838,-1.6883838,-1.6283838,-1.7183838,-1.5883838,-1.3483838,-1.3083838,-2.0483837,-2.5283837,-2.5283837,-2.1383839,-2.1283839,-1.6883838,-0.7683838,-0.05838379
3.7716162,3.6216161,3.1716163,2.4116163,1.1816162,-0.048383787,-0.5483838,-0.2283838,0.3816162,1.0516162,1.5016162,1.4716163,1.1716162,1.7816162,2.5716162,2.7516162,2.6216161,2.4316163,1.9416162,1.7816162,2.141616,2.391616,2.6716163,2.3316162,2.131616,2.0516162,1.9216162,2.1016161,2.5016162,2.881616,3.3016162,3.4916162,3.2716162,3.0316162,2.631616,2.7816162,2.5316162,2.1116161,1.8116162,1.8816162,1.9016162,1.7216163,1.4116162,1.2816162,1.4316162,1.3516163,0.6116162,-0.4683838,-1.3583838,-1.9083838,-1.3983837,-1.2983838,-1.9783838,-2.4683838,-3.0483837,-3.2483838,-3.0883837,-2.0283837,-1.2883838,-1.1283838
